9942 7591
4568 2515
4094 3488
494 134
448 120
5956 404
6604 5727
4414 4398
1415 995
3210 1269
9906 4129
5292 4799
2640 689
878 101
637 268
7956 7787
9623 255
6149 2550
5784 1439
7317 2313
9537 6187
5988 1287
2362 2334
6414 6074
7610 3069
9615 2025
7593 4566
5775 487
2109 86
4786 718
544 154
951 874
807 774
3139 2729
7750 4636
4349 2882
6232 3497
3484 3021
171 8
9237 2718
6636 3260
9221 2291
5923 4367
3530 1494
6613 3254
9975 9097
5441 3635
3138 416
6160 810
7709 6956
8004 6171
1220 1092
7299 5177
6467 4095
1470 363
4400 2218
1052 725
5026 179
6242 3591
3957 3449
6926 3244
9693 5512
6865 6418
4108 1981
3469 1147
5833 3316
8539 7949
8448 6896
8033 788
4938 40
3397 2461
3758 2802
5201 4325
9041 7920
7202 3295
8956 293
2531 566
8277 5039
7820 2404
7915 6649
2491 52
6470 1612
9448 3295
9581 8430
1186 261
37 31
7695 198
8545 1336
187 146
5399 1232
1143 446
3207 1595
943 405
5525 3626
7885 1355
7027 7030
9289 663
9586 2190
3393 2230
5289 5204
6834 5701
2474 1067
9386 3157
6481 2082
3331 2978
2086 468
5243 5239
4814 1245
8086 349
8028 4289
123 15
3996 159
7639 6056
3250 1230
832 270
3667 1912
796 744
2969 1764
3920 205
9753 9586
1535 1080
6386 394
5756 1819
1379 509
4177 133
5320 374
905 503
7664 2076
3591 2611
4448 1781
6626 392
4502 2019
4 14
8988 265
8887 8739
6796 894
9843 5580
1378 1304
6549 2955
2396 2166
3207 1607
8283 362
786 248
906 337
5219 1002
2223 1192
5283 4949
1778 334
9102 1989
2817 2138
9959 6302
4665 4185
5501 2843
1641 286
5557 2790
7710 178
7500 3845
3856 1367
6220 1287
91 6
1742 354
3213 808
9881 3119
9110 8387
5174 3002
9542 4935
8550 5724
6151 1104
7797 1330
3884 794
6260 3410
6229 6080
8701 4517
2319 115
7894 1323
9271 9116
2674 479
6844 5994
9445 1621
1739 241
1378 277
3664 2735
6355 5281
574 298
7574 5804
9986 7875
4757 4753
5031 2611
5235 2894
290 30
775 770
8304 6823
5552 3129
8744 5932
9698 8926
4945 3499
1063 90
8693 2671
2803 1662
462 19
547 154
687 235
9050 425
1429 609
9785 5108
7961 3093
5335 2122
227 210
2136 1775
9593 5881
3062 87
7154 4627
8502 4279
5381 827
3564 1274
3351 1839
6629 6507
464 311
1666 1483
1921 1574
4471 579
9797 4243
9859 4816
1228 169
4488 275
8057 3077
3033 2451
5541 2758
3862 2646
198 181
5895 4364
8682 3305
8546 8219
4681 981
807 279
184 9
130 50
7009 325
8785 1982
5178 4238
7868 1719
8921 1671
6547 3420
8677 4393
2908 2129
3991 1267
4542 85
9141 188
743 180
9109 7064
5156 304
5760 3465
157 103
9405 3355
430 343
1629 597
5667 872
6816 6613
8507 6198
7481 7295
6375 5131
9174 1537
5342 2540
8927 2821
1860 522
8263 365
1769 598
8332 2972
4037 1673
1353 228
455 308
2124 1998
8131 497
5350 4961
9982 6753
8094 7655
6357 4694
7746 4991
5427 1480
2120 1330
8173 499
5442 3162
6220 3479
9183 8937
3106 2163
3660 2423
1143 519
7718 2762
8478 4090
6042 1140
5886 2375
1761 351
5051 910
6614 2673
7795 4334
140 93
7097 3864
1845 203
8330 6100
2182 1063
2641 1974
7071 4396
5313 1994
9696 7905
9711 6400
4141 1521
9688 6078
1094 112
610 446
6266 3936
6214 5646
844 713
7335 5147
8189 6218
3234 1916
1379 10
9929 6053
8823 1542
8542 882
9773 6563
1213 822
4894 4070
7701 6754
9245 2334
118 37
1351 84
2475 186
7196 227
8349 2386
3286 233
2902 926
5262 1152
9762 9581
7251 2241
4969 960
2663 443
7972 3331
8839 7718
780 166
3920 1201
3437 1891
6226 988
3703 96
8916 3475
3781 864
6427 4302
8304 2058
9852 4625
5658 4296
2232 279
6207 2258
9914 4801
8796 8689
5018 1675
3956 3571
5584 4224
9833 2158
542 262
5104 4781
5079 862
6860 2545
7788 6601
1912 1323
2565 973
9220 4080
869 728
4870 30
3502 887
3889 1937
8421 1377
4509 800
3559 3522
9051 4835
1766 1565
8826 4945
3291 2039
8360 6354
9952 1620
56 59
3500 144
8788 7160
9910 7932
5661 5168
1397 186
9258 1898
9969 5520
7887 2928
4975 4092
1854 1657
8775 941
3338 2910
6607 2587
7348 1657
1470 1083
7280 6943
402 316
4232 3418
3757 3308
2179 1959
1149 607
8263 4525
851 351
268 63
3783 1375
4457 1550
1876 903
1302 1184
5531 1957
8912 7723
2270 677
2652 1218
4169 3237
7077 4920
1110 1047
7434 5918
1035 267
1378 653
8983 5355
1021 144
7802 2308
1063 348
3688 2235
8956 6184
5884 1062
2533 740
2879 1595
3404 40
2676 1534
5625 4713
5605 4001
2351 1816
5682 3324
5045 982
6782 4764
6596 3280
7889 4808
1436 1224
7264 3738
6584 4484
9609 1288
7430 5991
1035 229
4948 110
3663 3243
9806 1421
7886 1007
4064 694
9574 7334
7799 4340
6992 5683
3714 1721
7509 1421
2434 2222
1647 1411
1943 15
8346 2456
6195 5116
664 45
6553 790
1643 716
42 28
7082 1520
1506 539
2133 846
9003 6130
2058 1025
17 19
3465 2085
3708 2414
9091 8180
8358 3136
8065 6103
9547 8201
4053 2624
8744 7548
738 526
4589 19
9807 7477
1957 1947
9163 5721
4363 3483
7765 75
1608 1606
3488 2112
3861 3739
792 416
5582 2717
2643 1521
2541 134
5919 2203
7256 6151
6265 946
2499 1146
4044 1295
1328 838
3037 2758
4437 2236
5400 1584
6370 3192
1057 250
4481 2186
2045 1563
8961 6226
47 24
2528 277
4146 2310
9463 5386
4892 3297
1355 1005
2231 1536
8017 2240
9529 520
7373 2303
9299 6651
8545 5665
6915 5516
3439 951
3220 2728
249 127
8314 3513
6727 1915
5844 4128
780 280
6723 1768
1095 103
3657 1346
3379 2573
4697 2380
5422 2086
2374 712
4730 3189
2647 646
1138 238
5622 4502
3444 2593
1086 349
320 262
6171 2553
6355 6062
2642 1549
2144 1941
202 146
1489 363
2028 1335
4315 33
8616 3422
4625 739
4752 4163
4141 1484
6055 5992
151 136
3184 526
9045 9040
3877 3373
3275 1984
7094 3733
6798 2522
8152 5362
2005 1012
6678 3789
2722 889
4214 2269
5755 5148
6469 4361
7270 227
1474 447
7325 1596
4011 1027
1484 682
4002 3777
9745 1106
442 64
4949 9
6146 72
7571 7174
9407 6268
1689 1528
4711 1548
2406 1845
2992 1457
8258 8052
3765 31
4912 4251
7035 803
488 35
8648 6810
7430 50
2255 2099
356 57
6168 3273
6225 879
4908 777
4527 70
428 171
9433 7801
2595 260
3336 3134
869 812
6045 4510
3100 2591
7766 7467
4075 380
6909 3731
6451 352
4883 1034
4810 1477
2336 346
29 11
186 41
5725 3800
1642 259
2014 1862
3971 3378
7756 4076
9750 9580
6971 4930
5712 5484
9714 3613
6101 4341
2196 572
1653 678
7795 5193
1157 240
5644 1173
8384 7451
9319 8959
8129 4031
7294 3213
551 121
7805 603
7781 5611
6310 685
4398 2505
1302 583
6659 224
1304 1013
1535 457
2926 2752
3598 2513
7044 680
4615 278
4353 1838
4112 2072
615 196
8794 5957
4420 1065
9530 3404
7122 5475
1324 757
6820 392
9415 7950
3845 368
787 488
2837 1377
399 169
4311 3286
1713 532
9894 9495
8606 6805
4343 190
298 119
6991 3586
2755 523
6074 4047
3715 3231
5565 3957
8858 546
9678 6793
5949 4102
6888 2815
6918 4414
7441 1260
249 35
4636 3386
9240 9144
6707 5887
137 11
4194 674
4141 2837
7066 5139
2154 739
6779 2248
4016 2286
6171 2917
241 242
3633 68
6560 350
5119 3134
5475 965
2268 886
1056 515
7401 2786
8103 6153
4541 1499
9393 3234
9180 6281
8276 2409
9452 3625
9451 3835
9575 8799
6522 866
4657 3617
54 17
2323 1229
6387 2224
4667 2305
1810 939
7112 1375
4703 1718
9277 2726
7235 5113
2193 620
8065 1702
6350 1185
4244 445
2438 344
7182 3332
1767 1601
6194 3891
23 16
7760 7701
3466 1361
4517 3991
2919 1324
3713 183
128 50
5068 4465
6513 769
3984 3639
1185 1012
7299 6693
8317 5268
9849 4602
55 9
7978 5877
9693 8245
5819 1234
5131 674
5081 3174
1280 152
9929 8006
4451 3424
6297 5345
7558 5514
3896 1302
500 325
1524 874
9993 4641
8936 4999
1498 851
8501 7279
9155 5019
2377 573
8377 4574
1977 995
7370 2487
8155 5436
1934 1713
2112 1926
9614 7577
5549 4204
6943 3604
2171 2079
4617 1959
7853 4044
2723 1324
6228 3480
2249 656
2590 85
3930 1295
693 364
705 711
4212 3982
8180 6479
9009 2887
3625 1661
7717 3738
94 56
333 200
2905 949
7021 6100
4370 1454
4925 4290
299 146
4475 3082
3302 1195
4663 1541
3154 1310
1545 1007
4764 351
6272 2821
3676 371
9130 2873
1755 793
7511 4242
1764 1292
7341 5824
4843 3364
8653 238
9421 2757
8460 812
1505 1072
9256 7911
859 859
1007 808
7198 149
4325 3650
4757 790
7290 2424
547 33
6951 6574
2521 2181
2474 2415
5914 1258
2825 546
3188 1602
7433 5062
3492 1698
857 563
7199 2804
7745 605
3507 1604
1935 1624
9503 9007
865 166
8939 1323
1033 1008
4770 170
9614 54
1140 1123
9416 8718
481 75
1456 1375
9391 3538
8576 1274
2149 441
5701 88
3126 2872
7914 5022
1683 1042
26 8
4223 2656
3349 993
3098 2130
7547 22
24 5
8753 6648
2050 521
4825 1789
5259 4471
9155 5545
7232 5942
2791 69
3793 2184
6167 3996
2982 2493
8458 244
8697 867
292 1
1168 47
3847 590
4571 1458
558 495
3403 2775
4054 1115
7572 3485
70 19
6352 168
7086 4430
1447 1383
7206 5555
5891 1391
6737 4952
2299 408
8765 4872
2510 2425
4675 4191
3790 1353
3484 2674
781 180
3776 99
7362 3701
1763 491
8912 3534
278 95
4594 2882
9005 1038
2033 81
8322 8121
3284 2220
531 100
3206 2899
3695 1496
4851 137
3544 2152
2958 2859
2337 1557
7232 2963
4893 3964
2010 1314
5796 2540
5820 4778
4984 3213
1146 848
811 496
6214 5413
5739 1599
1489 175
6203 367
9924 5819
983 767
4382 2155
6107 967
4390 2639
5157 2186
5483 3621
383 10
7913 2830
9786 643
4054 89
9638 2854
4287 427
2583 2220
3312 1752
4517 1848
3826 2287
4788 3094
9349 8267
1379 992
8767 4138
6159 2241
1083 169
1872 650
4839 2500
3732 3448
6665 6087
7610 5357
51 29
7416 4412
9395 4097
6124 3282
6675 5465
547 329
9209 3229
6892 5050
9787 426
3700 1043
4104 4052
2225 2143
8117 2997
2009 720
8463 2690
2029 1762
9638 6199
3104 2674
4748 3061
7951 1626
6429 702
810 522
3750 908
9612 4855
1154 918
6267 3974
1686 1286
9516 8500
442 304
9394 2505
5951 1966
8049 2921
1598 1281
8922 6884
8919 2162
2354 1854
6381 2518
3658 1088
9237 6434
8688 3299
7692 3553
2976 44
4615 2852
6291 4794
7219 2406
4868 4777
6971 4732
218 68
3725 3666
6911 5877
2125 1722
687 232
8018 6727
4678 4408
7636 5180
8642 2913
3969 3587
6390 4966
8517 5431
9644 3877
8218 7935
228 184
4601 4564
6232 5366
3214 1431
4422 3813
4228 3510
5847 950
994 429
3059 2217
4250 2906
1650 914
7881 2714
4384 959
3652 37
2285 1161
6084 2543
1823 873
1120 888
2796 793
6739 2000
4394 3691
8361 1339
19 22
448 29
3074 2311
4570 839
294 276
7671 1162
4617 4104
5503 4506
1978 1544
6687 4451
6808 6646
5212 2958
9240 2320
2065 2026
8777 3951
6600 378
473 357
9358 3847
4340 4329
7541 2265
2181 1396
6835 758
3648 847
4258 3002
2354 195
6577 994
7568 6495
3767 3332
6143 5563
308 7
3170 1327
5601 1754
2228 1701
5632 2343
6651 4104
8802 3103
1712 218
8049 6032
635 254
7507 6115
8099 5320
9134 6085
4724 3210
3756 105
7781 6744
780 433
1889 295
7740 6187
502 383
4979 1978
7862 630
4412 1248
9782 2
920 488
8231 3578
5789 4639
4971 1363
5636 5579
5391 4000
5150 3468
5499 3133
8270 6638
3954 643
914 303
6517 5246
8145 7344
8897 5032
4882 2188
2348 1444
9409 3174
1888 1396
8011 3021
3932 2885
345 333
2090 1544
5306 4546
6842 4604
6127 3945
7280 1169
468 136
4573 922
5875 3824
1774 1725
763 189
6932 4007
6966 237
2943 1922
1734 598
3989 523
7455 2014
1560 1520
5884 4517
2160 1301
7709 5619
9910 4188
7403 2760
9795 7221
2768 1787
210 7
2685 1215
9266 1611
5881 2488
9800 2849
202 136
6801 6779
8115 2273
8601 814
361 107
7504 7205
62 47
794 636
2469 1604
5935 1919
6139 1282
3963 2058
7225 6272
7834 2621
6661 6199
6377 2899
7820 4020
834 514
3665 2043
2708 151
3377 2676
7937 2713
1432 1385
1441 1406
9390 7820
8469 2444
7758 1994
704 302
6452 1684
8686 802
2404 1962
2018 671
963 671
9533 5809
2300 1533
7333 5598
4421 98
5721 2423
2292 666
2243 1913
7056 709
9410 1216
7493 333
607 445
4917 3830
3912 289
9540 3275
4258 3460
8977 2792
2385 243
4693 2300
8551 3317
4352 1037
7368 1645
5992 3305
9770 7415
3323 490
1547 1126
6333 1706
4256 3126
2738 436
7783 5461
7609 6468
9378 4763
3850 1943
9050 6173
8943 8578
9270 518
5203 4548
44 44
9647 504
6565 6047
7092 2921
8636 3508
9580 363
9814 7732
8951 4577
4517 1648
663 237
507 331
30 14
9263 3328
8540 1251
5600 2763
6771 2797
9030 7670
4605 802
3389 866
6544 2918
15 23
5015 1466
1774 343
3320 1761
5929 1474
9124 5571
6909 3943
4497 1933
6635 6309
4956 872
2860 2448
6561 3933
2308 1381
6496 4917
8052 509
9875 409
2343 2025
4176 2268
2164 247
2157 167
7920 6838
8400 2010
830 289
183 168
1876 364
3419 300
2940 1505
281 105
721 643
5761 984
6349 1578
570 322
6503 448
1215 446
6867 5774
6678 5795
8070 348
4950 1201
2888 249
8824 8256
1383 1239
6701 5037
3772 1108
3151 829
6716 1282
3009 846
7219 4950
8482 1602
3032 2556
3397 932
3772 2762
210 214
150 41
9665 1666
3578 2548
9018 6963
3599 3501
4130 2553
9770 3289
3696 1209
6444 4233
867 120
4887 711
5104 1896
4182 253
7105 11
5440 352
5379 2711
3691 1179
6363 4218
1176 1049
8271 3004
3579 458
6683 1813
8028 1311
3300 635
6157 4127
4132 1084
1879 113
4591 2398
3219 1989
4896 4486
7046 4806
6887 81
1143 717
2368 707
9368 2541
3762 3675
9408 814
5726 4438
4894 3278
2885 2233
9266 6665
9212 5542
9389 356
3364 1837
1606 1246
6251 1976
753 403
5155 5109
4525 4183
6736 3005
8887 120
2926 1980
4332 1927
1431 1354
5127 805
3273 1353
9062 2797
9376 173
5026 234
277 211
1543 99
6469 5711
4845 170
3398 3361
4781 3948
4969 1372
5497 3882
9995 3555
769 411
1765 989
2146 1431
8285 2569
1916 1447
7650 2467
2900 1543
1716 142
4809 3250
349 135
3330 896
8817 7119
8679 2606
581 461
8234 628
8389 6715
4588 476
6577 163
604 521
7492 450
6104 2149
6185 2631
3776 2588
1221 372
9235 3141
7125 4150
3948 3041
9920 6830
3708 989
4776 2502
1588 1305
1845 272
3136 1120
7258 3612
3358 1680
5212 1701
9319 1286
4328 2355
5542 5188
4440 2772
1516 642
5723 4833
9618 8990
4115 3641
2766 1506
4382 3275
721 692
8531 6999
3416 2802
4712 4189
2745 1613
8609 2205
5239 1646
2347 617
2367 2260
1318 163
4306 3666
7709 2161
1226 667
5017 685
7823 779
6154 1840
2216 2
291 272
9701 5760
5326 1726
6119 5212
7424 5655
2438 1594
5045 3567
3841 1183
243 234
273 222
9114 5989
5198 2869
1942 1915
9742 4633
9928 860
6327 4306
416 258
9515 695
7704 436
1801 375
3297 2858
3897 1255
3641 3225
4364 2361
8046 5286
473 290
1349 843
3665 53
6629 6349
7552 6369
700 355
9311 2690
690 480
3245 1468
8953 5194
5705 4048
9189 4478
4349 2772
6124 228
2360 1579
1850 1335
2966 618
3744 1215
5738 859
4870 3342
9813 6155
5301 5256
3693 33
4830 2945
9619 1947
2565 1067
6338 2573
6422 3482
9514 2953
6753 4222
441 58
7419 2388
2359 1775
636 56
3451 3262
9245 1823
6201 2081
4260 2890
4656 3462
7209 2807
4846 1468
1260 974
4416 1970
6497 6304
2288 1925
6495 2212
5118 3691
596 218
971 316
9841 3192
9095 6578
5376 5108
8401 4235
1006 770
4463 2777
412 117
1768 258
597 290
444 246
483 484
8325 3899
5516 3367
9387 4291
5005 3711
5049 1890
948 543
7405 122
497 367
2709 902
5288 3974
1987 1608
6524 3920
8778 2633
8084 6558
27 3
9683 4375
1568 649
7873 3557
6180 2348
711 637
9453 5133
5787 448
7553 4353
3604 1660
6591 2220
9070 7756
4346 1625
2802 2182
9662 6874
7739 659
7838 3053
1062 976
151 140
7745 3718
18 2
3418 335
4874 194
7655 5482
4924 3761
8971 4202
8035 5736
6781 6372
7027 3688
7266 6826
7871 1529
3154 2754
98 23
98 77
4317 882
9313 8582
8468 2105
6460 691
2542 1194
6199 2684
3494 2335
2641 2502
4613 247
1537 388
324 272
8309 250
4981 4383
5006 1096
2099 635
3332 799
5950 1604
900 888
8679 2996
920 201
9289 2089
3237 1275
9898 7088
8432 1521
7477 6497
9518 6335
7467 2636
8941 2300
8120 42
352 79
2008 1245
3794 3213
1635 427
1494 675
1554 152
8057 7877
1449 1138
3449 2418
8114 370
8549 7328
877 793
3881 2503
6402 5753
7543 5249
2087 575
364 253
9175 4314
3311 2632
6753 6727
4872 1961
8993 5097
9945 6754
3355 1803
3419 2162
8803 1640
1745 167
2305 1193
2575 1306
6164 5558
7157 4547
111 18
3982 2669
6614 1449
1431 1291
3781 3780
400 390
3763 1942
7625 7137
8554 5640
6070 4883
8274 4677
6128 4349
9164 8441
9102 3988
1137 523
4442 3791
326 34
446 176
7687 6310
1654 834
4288 3165
66 16
6584 980
6898 9
4364 3626
9425 2217
1482 769
520 211
7507 5546
6073 3581
1122 1061
792 312
6866 5641
2785 657
3343 1388
4959 4912
6298 733
8599 748
247 210
4715 2911
9074 86
2616 1490
1618 6
7806 6763
5156 3706
7295 2310
5570 1579
5449 1999
1306 162
849 267
6816 5422
7262 7100
8701 8399
9388 5663
460 368
157 98
3516 317
4648 1571
9320 7140
7914 1077
9271 5899
4576 2496
5994 5827
511 62
3584 2159
9227 1962
6567 6523
6342 3817
929 486
3163 601
572 257
3448 3090
1057 738
6744 1328
7016 1958
1722 50
1230 79
8181 387
793 142
9016 8444
7029 6117
5411 4126
2083 1540
2466 899
64 5
3384 805
8848 3927
2915 2225
5495 4361
7312 629
7169 4539
7630 4297
2167 499
7703 3835
774 755
3578 1175
8990 5927
1771 1485
6499 2662
6017 4604
6652 3442
9840 6575
3005 1063
2487 2409
4821 1944
6807 4811
5096 3168
8913 6088
5088 1506
2856 2247
2047 2051
6431 1882
4392 1136
2242 242
1600 300
1163 1009
3204 865
7555 4599
4460 701
4467 1338
6897 846
1780 993
6660 5154
1918 1134
8485 8204
6952 3828
8225 674
6228 1270
9105 8410
6633 3741
5827 3166
2463 952
3773 824
8640 713
8197 4195
8903 8827
311 67
8590 856
7465 5473
4971 3373
3937 2581
2252 2026
8305 5602
1494 998
2155 874
3946 1360
4997 1235
2926 2567
7408 4179
843 725
2085 864
5311 1791
6640 430
6312 3299
1238 1217
315 214
5367 337
8342 3346
6582 6413
7665 1567
7522 5048
9148 6181
926 123
7846 1493
9472 4031
9381 5022
1872 530
9655 5680
1058 607
417 85
5687 1266
3375 833
1155 782
943 884
3672 1084
3019 971
4997 3143
4950 2754
8780 3443
939 875
2865 646
5379 996
8040 4205
9473 4585
6478 102
9011 2071
2541 1054
3545 263
5487 4726
4711 1692
8082 4065
1113 589
5499 4571
8286 6703
5513 2231
8815 5181
744 664
6969 4900
9267 8131
8537 2085
1627 1486
7142 5776
7706 3575
797 725
9992 6178
6649 5928
4585 3818
1498 1016
3299 752
9826 9344
8389 1096
2457 1881
275 189
3152 2387
346 241
4664 923
3719 1649
5135 1688
4701 2146
8462 1084
6550 983
7750 3997
2767 1759
8606 7884
2383 1657
4981 2914
8652 2261
1311 14
6235 478
7853 2889
9514 5348
6928 5386
3368 2269
2423 1638
2378 446
1806 97
2097 598
5242 115
7381 2216
9257 1135
8060 368
7582 1689
8258 403
1753 1651
5785 5319
8818 6323
1577 373
9326 2270
5330 51
6669 1908
7814 2130
2356 378
1768 317
6197 3868
3863 2466
1642 152
2408 463
8331 6713
1848 528
1220 238
716 639
9459 5907
2412 1621
6609 1239
3404 279
9744 1199
6049 5839
3897 697
1303 986
9876 3066
3235 97
7920 5266
5581 763
2591 1416
8937 1088
8868 6356
4723 4694
4506 4453
1626 1134
1834 276
1030 20
693 17
2791 1443
8790 5662
2085 1176
6114 4426
2162 1984
767 771
7692 1184
2551 1336
8051 3375
221 9
8992 5325
5758 2165
1793 173
4912 652
5880 516
7750 632
3042 35
186 138
8598 4892
1652 1647
5775 58
1520 401
1001 756
8008 4673
1675 1198
5097 1173
1014 74
4784 4385
7545 4318
518 303
6249 3476
2858 41
8820 3697
9810 9303
4728 2795
7454 1779
8441 5397
7121 4806
5453 41
1943 1370
2286 593
2651 881
3397 1447
2139 1261
8605 194
4298 4228
1212 277
3705 2217
4346 608
4514 3889
6568 5434
4821 500
7270 3436
8499 988
5455 1958
6124 913
403 235
568 243
5101 3396
241 166
9317 8640
6715 469
4536 2288
1746 555
128 104
4689 3228
1889 1643
9 16
816 538
7142 4555
1690 1488
9966 5055
5665 1156
1476 977
6649 3829
9667 2986
1692 1153
6290 3465
1645 323
9978 2645
5792 1350
2676 1723
2012 1863
764 448
2260 700
8253 3470
6581 259
2494 2247
9059 8861
8350 7383
641 313
8062 178
8236 3840
8932 6578
3302 1024
5612 1528
9674 4866
6593 2943
1564 1065
589 590
5293 2014
2119 867
9931 7385
396 180
1388 1001
2244 1907
459 68
4093 3253
748 60
7421 2524
3421 2851
2988 2602
7615 7035
9839 3836
379 243
1915 16
8088 2595
1420 1358
4963 2374
510 148
7744 1303
241 127
5937 4021
2112 1956
6762 2086
3416 765
1501 947
2159 729
939 907
3041 2301
8819 976
6401 6376
112 49
6697 6235
431 155
4822 1681
2483 563
7923 7035
1553 464
6190 2904
5404 761
2201 1492
4813 3896
157 75
5942 121
522 154
4011 1870
1426 592
4205 2937
213 98
383 331
3253 225
954 387
9102 3776
3925 3325
1928 1145
1753 1752
4012 3632
3871 349
1011 578
2449 1156
8809 851
3708 249
4230 3704
2957 2767
2372 884
2531 267
829 284
9209 5318
8367 586
6757 423
2969 2076
4720 1143
7197 3674
2611 1420
7654 419
9169 2293
9997 1501
7043 1840
6248 3661
5177 821
1499 1241
823 299
9934 9399
3794 3665
7682 3260
4653 3488
146 33
1826 338
9140 1482
9975 6930
2913 704
6835 1992
6230 4238
2450 1775
6535 4972
7278 6266
1927 510
4190 3157
1922 657
4639 3870
3983 1466
688 243
1917 1134
4393 991
5390 1357
8414 8102
5609 2084
4741 696
7738 4198
187 13
1906 1458
1775 231
7961 1489
4629 3693
3191 1541
2923 1154
9354 9338
837 98
8328 2716
5740 3852
8495 2610
2169 545
6851 1755
8602 6435
3363 2829
413 423
2598 201
2713 1550
3126 1880
7581 4450
9866 1340
1373 631
9300 2219
8830 1489
1943 1580
5325 2114
8547 5972
323 211
1937 1644
7174 5880
6237 3340
5643 3419
6863 2146
5977 1082
3038 733
1400 1206
532 496
8856 4897
1878 1561
5719 1341
2661 313
6524 4921
5572 4220
7222 5276
7826 7200
3351 80
1416 919
8381 1236
7053 2379
2707 2287
3397 3101
5195 1336
5934 969
4467 3080
4376 2269
7100 1772
2581 646
5795 5521
9533 7627
3698 245
1978 555
94 35
2645 135
9349 6103
8716 2033
6657 4285
5794 4256
2455 2097
9354 4769
4248 168
6136 99
5805 3584
7935 5709
3293 71
8955 5396
3730 263
1629 448
4188 2699
8892 4321
2347 1731
409 226
2726 658
4871 1623
2075 1021
312 172
4994 1449
3724 1239
263 204
9416 4089
4805 599
9499 1715
2196 729
6256 4638
982 321
2770 33
6232 1335
3544 233
3793 686
2955 113
3955 3535
5890 1912
2626 76
6736 3237
7427 1792
2251 2101
3817 2168
8701 6641
3986 1142
3252 604
2012 354
6831 830
667 185
3888 2437
4533 1240
9353 4579
172 150
335 161
3762 2906
5288 4841
9762 2960
6788 902
9942 60
8766 8138
1666 66
7828 5332
7 13
5805 1651
1351 980
5262 3901
2518 2229
2324 600
35 39
9378 9102
6840 6692
2636 806
3802 2497
3244 1583
1550 1305
5437 2327
636 43
8954 3264
8819 383
4273 3101
101 107
951 139
2079 798
82 39
7174 520
7802 1188
9879 5803
9934 4768
9632 4656
6854 3351
5591 1616
9057 6012
1850 1428
3575 3455
4911 4563
1095 610
7817 2075
8720 948
7967 545
2639 893
2902 2137
816 290
9459 5476
9800 6270
8919 4410
7729 3182
2408 1951
7082 166
4241 3167
5830 4783
8340 1448
5943 5701
8054 3474
5067 1475
9266 158
5610 4926
5005 2399
8099 4402
8049 2377
1468 67
1887 1296
8817 1638
714 629
6211 4277
5247 4304
5939 3138
4832 2736
5965 2918
9992 6379
2993 2820
5591 4099
8475 1062
5088 2960
8169 7114
5028 4822
7402 5176
5490 1300
8326 2907
516 11
3891 503
7165 2318
1616 717
310 243
2722 2493
9009 8069
5043 3934
4295 2058
3932 2044
6480 5376
9358 1522
5162 1771
5050 1588
6291 1376
864 9
1754 987
8163 6371
3866 2863
2890 2223
9406 8645
485 391
6892 1729
4086 344
8989 3405
8597 7608
2959 549
5908 2922
8219 7500
6364 3830
7764 4398
5594 3836
2150 2029
7567 28
3225 432
4562 365
5721 3007
561 478
79 52
214 115
7874 7124
1668 1047
3355 1363
7586 3265
8617 503
9275 2950
8852 4900
1839 381
9251 921
5907 2820
7853 4985
3574 566
4716 3695
4439 1735
1273 844
1645 1216
9196 2688
5833 2530
6320 818
8235 5436
9152 4674
2825 2497
8402 6783
4854 1253
9686 4569
8239 164
6250 6214
4905 2084
9407 1460
5596 2827
8250 5691
4995 3763
7404 6781
8746 233
7645 1808
9005 6980
6425 4617
7852 6206
8183 29
3196 2983
2161 240
6683 608
4650 1197
1475 112
6171 2850
5995 161
3112 2493
1919 274
1802 1453
4664 1003
9469 8986
3610 928
7677 1811
9402 6670
8471 3979
7063 3095
3633 3483
5210 1206
1724 958
7950 3283
2452 1974
4895 3999
4411 1997
7198 5785
5762 815
950 913
4656 1385
9982 9412
1551 1392
4259 1772
6428 2899
6270 1362
7794 6224
6207 1220
1557 1150
5762 4808
5663 1251
6640 3590
5181 1084
2219 1833
3933 1348
4345 2543
9907 147
9732 8799
5282 3602
2912 2833
6242 4315
5562 5283
3648 3577
7250 1092
4714 61
6888 3154
1913 609
7161 5147
1592 394
5909 5464
7211 2470
1932 721
3532 1029
1116 986
2100 1436
2878 1222
188 125
7023 6303
9846 3114
4282 2128
8195 7719
623 211
849 155
6632 1544
2991 2712
8878 2646
4998 2616
8121 5109
2395 1630
7840 1132
6070 3363
1603 103
5737 869
2326 1779
8401 6034
7299 942
7279 3055
3865 3614
1731 116
2709 107
4583 1924
8513 4886
3345 820
9393 8715
3185 782
8085 3193
7751 4883
3146 414
2397 467
3993 235
2464 1451
2929 1902
1436 814
7085 4824
3316 677
3595 2858
4408 2518
8406 3445
3227 1680
4922 159
5623 1736
3760 3465
8898 2769
931 672
6237 1251
6303 1043
2078 791
2697 2256
4379 370
4917 1446
2539 1055
9534 335
9098 829
3678 2881
7796 479
3451 1610
2815 2301
9971 4733
4732 1008
9184 2998
5508 3378
241 98
6964 110
4950 1043
7171 5220
8305 3804
1380 1142
8955 7931
6938 6665
3764 2218
8711 3482
9318 4234
8667 1874
2030 1848
8831 1207
9358 1665
8613 6773
3508 1953
4978 3277
2936 541
7949 87
5860 3277
4741 3840
914 391
81 51
8815 6954
4391 1599
2664 1927
7312 5249
1278 27
7890 3212
3099 2066
9847 4279
9913 5242
556 543
7080 4177
1725 1363
104 7
9733 439
8191 7939
5421 4052
3880 2432
4727 3356
9016 6826
4499 3977
6196 3222
9272 4318
1719 953
5576 2663
2429 873
1787 1666
4004 2349
823 809
370 375
9742 917
650 195
9754 2417
4420 4100
3608 982
4291 2522
4689 4291
1576 1440
8839 3097
7799 5739
8501 5013
2061 1316
2158 655
6058 4465
1724 397
4676 2872
742 419
1103 179
353 307
6683 5572
9286 1078
2839 2602
6244 4938
1290 471
6368 2977
3402 322
3542 479
2622 564
9934 65
2235 2091
2034 44
9304 3543
2949 2246
3733 1025
6300 3081
6024 3227
3512 295
8046 362
8461 7968
7323 6296
8812 8120
2910 2533
8166 3144
4637 244
1935 1131
9897 2980
4220 3913
9452 6590
4706 210
1866 531
8061 2349
9428 3737
3290 727
4225 2142
7747 4820
5067 1331
4183 3192
1625 1345
2632 768
1043 253
2097 67
4902 1084
7172 4280
45 6
2852 375
1087 97
5542 950
3496 2444
6311 5939
7198 3916
7645 1226
5169 3063
626 619
5819 2033
5745 5166
5933 1927
8627 2263
7606 2830
6617 3232
4273 596
3488 1218
6607 3505
93 43
1724 1542
5066 2850
8699 6871
5456 3537
5096 2616
5528 2486
8341 5793
4158 1281
5203 4663
8805 2385
9943 4889
100 106
1993 346
886 640
3812 3235
7965 7964
7426 7274
9305 7664
1298 1007
7915 1346
7029 1049
1365 203
1080 868
7672 1287
7865 732
621 415
9860 2044
6651 2159
8022 4035
1170 756
2629 470
2549 1921
9371 387
1582 566
908 299
6452 2325
7306 4109
2486 2362
3319 706
3144 217
8972 1641
3598 918
4916 579
9094 85
1391 592
8052 3633
435 283
75 63
6577 6076
1218 411
2393 1911
2380 75
5577 2788
5102 951
1320 1057
1445 786
8637 4676
4565 4208
7626 7513
585 64
1704 350
5442 1656
325 77
3494 2496
4189 408
6412 3131
9451 7183
5404 5334
8718 3931
2868 2831
9924 3229
1735 1470
6583 129
1597 1435
4914 3949
914 55
8665 7667
2099 486
625 192
9573 653
9569 4024
8991 4772
1072 941
8969 3225
5418 1485
8742 6456
2420 2401
3404 2315
4562 1116
227 213
1137 1039
5275 1081
7596 6945
3390 2445
6960 564
8180 2903
3093 2777
9368 6283
2682 1902
6473 5100
2426 1259
2237 791
9075 2496
2379 2389
5069 1247
9841 9754
8079 3552
8042 5907
2393 2376
5717 2974
1219 312
721 683
5835 5759
2713 277
769 562
3169 2300
4140 3782
2291 209
9317 6036
4712 3753
7275 6915
627 341
7651 7603
389 164
4139 1255
5289 5216
2173 929
6187 3288
8116 3353
9288 143
4983 3198
172 17
9607 9429
7565 2065
7963 4308
6509 2298
2176 2037
269 146
9722 2505
2961 1227
5655 2918
983 188
9304 3557
1414 268
8081 4573
9462 2427
6759 6122
1824 47
868 816
5075 5030
663 591
1983 1756
3693 321
7616 5766
1793 59
8753 7470
2366 2228
3516 3297
3694 2881
4837 2517
1868 1775
8113 4209
7558 7093
8247 2965
5868 2305
5996 4084
7414 5187
4828 3978
4366 677
9381 7797
9388 8913
1156 781
4540 1506
3671 2239
1258 462
372 44
59 38
8243 3483
2993 462
568 158
9580 5286
8319 5307
4602 4584
3396 1942
1196 583
8801 3059
2479 1935
8737 5593
5830 4182
5964 210
7742 6418
8122 6739
8264 7765
1829 459
6239 4141
5721 4417
8866 7901
6966 3399
5792 3932
2632 2488
6381 1229
796 128
8272 6618
1448 265
9267 4768
3687 1998
2290 1056
992 805
5543 1537
2023 1600
8674 6142
9965 3012
279 179
3037 815
5991 1036
9799 5114
2510 1356
3239 2186
9414 477
8123 5823
2774 2581
8095 5434
9385 4263
8764 8465
9618 5130
9106 2627
8274 1509
5473 4864
159 45
1006 956
9404 631
7494 4139
4633 3718
9975 6681
9020 2089
5379 4007
7202 4961
3563 1043
17 21
740 682
9892 9261
7740 3097
6925 3325
2135 816
6370 4920
8501 4941
4310 95
5676 1089
8831 2843
5309 1777
2824 1704
9682 5893
7776 5229
6579 1267
7347 6555
4856 1234
9644 9149
9770 5882
8101 7119
4571 1875
7126 1173
2713 110
3728 1489
6533 3101
3086 1684
9716 9109
3628 3311
7175 142
1374 233
2025 876
8885 3404
461 209
8459 8458
1685 82
890 539
7931 5914
4289 4042
4607 2226
4046 1302
4326 4167
1886 604
1642 42
9206 7482
6578 3844
1889 205
8236 7892
3251 3028
6667 4096
4824 3674
1626 393
767 531
9539 5581
5291 1161
131 38
6881 525
9766 540
5300 5160
1970 1942
9851 8735
304 125
545 541
950 456
6873 3679
3945 3472
9246 7900
5638 82
8220 4858
7220 1443
4137 3020
2673 1345
1081 911
3561 3229
6344 351
4539 3775
2886 1313
2686 1763
3547 3291
3166 85
9543 4874
9115 9054
3020 1621
111 69
1005 910
4494 273
833 374
8633 1654
9073 604
993 646
6772 2074
5388 1451
8105 1168
8858 8640
1857 31
3898 3308
2089 1999
3740 575
5434 3990
7632 5760
8686 3584
6600 1621
742 571
2724 1638
4077 1374
5067 4929
7510 3469
4759 2869
8194 3144
745 78
6243 5988
1964 766
1003 762
1986 1379
7794 532
926 376
3908 1848
4834 929
4981 1753
9376 5526
7851 5034
8489 624
3403 1203
9739 8223
6306 979
4741 4245
8721 583
3641 2413
2904 384
1984 958
4291 3212
2816 2165
3462 684
7486 3819
9469 9250
7401 4714
9340 7377
4714 25
9912 9693
4966 3160
4961 3145
6419 4911
7704 1435
8334 190
5521 516
7463 5023
9451 550
7665 2846
4916 4822
9520 1445
3063 1678
8570 3726
4866 4631
1615 16
4159 682
3629 1074
1648 215
6078 5423
2024 133
6783 2451
6339 3916
6788 756
7812 2255
375 145
7698 4624
4587 626
4874 2952
9708 6667
8505 2781
6799 2055
5820 5735
8232 7732
6625 4067
1750 279
6915 200
4831 2921
5411 2323
9530 5626
1274 547
9122 762
948 84
9337 3137
8340 2126
3353 242
2461 430
2069 1558
9862 9835
7670 1120
5046 2195
7691 132
5589 3291
9140 5545
1767 186
3762 2761
8986 6630
2790 2079
3464 1495
6848 4143
9626 4369
2225 1789
2900 2717
8530 975
2495 2232
6902 6342
1115 387
7159 1806
6068 4900
2167 620
1044 1046
4169 3643
3350 3352
5808 3823
1323 1258
6733 6430
7892 2336
7699 6199
6391 3848
5114 335
6265 3447
3448 3344
9534 3161
6989 6991
19 21
7015 1775
4439 1079
6813 2452
6396 40
7739 6158
3932 2689
2694 398
7452 564
3652 2992
4718 4583
9351 8485
7611 3370
6100 122
4062 1342
3065 797
9320 9307
2556 359
4979 1910
3982 83
5090 2323
9212 1243
1819 1405
2645 1401
1450 839
7570 5721
1533 1006
9956 577
6245 2713
2296 1180
9281 135
4842 1248
6677 1904
2895 1625
9867 9615
3030 2712
354 151
4665 307
5972 2483
5323 3381
6092 4471
1472 155
6786 33
9631 6639
60 47
1936 337
3161 825
3563 3372
8674 419
9111 6310
8932 7019
20 11
9646 9050
6977 6870
1367 956
4313 90
849 795
8090 7735
9314 8561
9076 8711
3310 1920
8099 575
5067 2245
8863 7629
7382 713
7290 5260
4324 3096
1492 453
1503 1166
2428 41
2275 1191
3552 1003
170 17
5193 1263
3985 3760
1296 579
5530 351
1530 1282
9493 4818
9689 3713
7332 6970
7889 1749
5113 55
6799 3066
9813 4539
3027 1680
3604 1053
8815 2161
9595 8072
921 234
9942 1699
9053 3973
3163 2293
4515 266
2692 1804
5787 3941
1768 148
27 21
588 8
5468 4624
1639 250
2136 827
7111 3347
4586 1005
2133 1028
4363 2218
2392 1875
8998 3839
4309 1968
8464 7917
8831 2514
3895 1270
6934 2010
2852 1467
8365 1122
9072 3210
7679 4029
9588 6356
9716 1711
7537 1573
2405 40
7466 2432
7807 1108
8035 7508
3560 1379
2227 715
8854 3755
1156 737
3637 2530
6032 518
7626 1562
9047 2183
8904 3216
2368 2173
7210 5574
3208 3059
5440 1407
1604 960
4404 3330
2531 265
2039 1061
5333 667
2099 1723
4600 3654
9802 8192
8104 1344
3623 346
8948 1733
5953 4422
7240 4322
1138 548
5341 2171
3785 611
6661 4713
8192 7302
6105 4182
6982 2636
4058 3167
1215 596
9514 5378
1205 330
1 9
1767 1535
3950 3316
9053 4161
286 218
5314 2636
7721 3122
2216 736
1812 1267
2649 445
6505 890
6842 681
421 141
8806 6985
3676 3527
5741 164
9096 8985
9582 422
5039 4551
4072 3785
5140 4783
9342 9311
7971 878
3099 2246
495 372
4853 2735
2762 483
9382 1526
4875 1569
1006 277
9633 2304
7633 5579
8958 1502
8743 3384
7063 395
5454 862
5451 1730
6104 411
4167 3267
2079 87
878 311
8374 6777
3298 2216
2352 1701
5676 1370
1744 1289
1801 956
6778 4543
3563 1905
1553 1062
4406 3616
7780 92
2393 787
2771 2137
5406 5182
8731 7377
1379 1058
4884 3076
3423 2939
2567 1584
8120 6066
5131 1644
4263 4037
3971 1148
974 130
874 780
6224 177
6514 656
3191 587
1597 364
9350 4181
309 171
4268 170
175 171
8194 5996
4236 2175
1430 1240
4749 550
8933 4341
2006 812
6469 5786
6910 290
7478 5705
4000 1154
3843 2997
2416 871
846 793
8006 3295
6639 3619
5008 1171
5209 4561
310 76
465 436
1540 295
1140 329
725 341
4464 1918
139 97
9011 7227
9945 7756
785 407
209 199
7071 3736
706 261
7420 1840
6777 4175
6775 5233
8665 6466
6641 5311
5079 2417
22 9
6925 3806
7929 7936
88 79
139 83
9151 6652
8917 2591
2051 1627
1058 740
283 215
786 438
431 65
7996 7779
2700 751
2232 239
6430 4831
3566 2161
3138 1093
1631 963
1009 222
4221 4166
7885 5473
298 50
1545 429
3119 2574
4025 2319
6280 700
5916 5603
9271 8703
1248 676
1694 348
5327 1211
9782 2064
1568 53
370 356
9689 5884
1280 24
605 40
6677 218
8008 5488
84 42
7815 724
7114 1177
385 184
5612 4311
2147 144
1453 1016
1831 701
794 580
8851 959
7953 698
4109 3562
9685 8193
6481 2623
339 120
9682 8969
8704 252
5846 3930
8794 3527
2906 2180
8058 5191
2194 918
1979 161
7232 2213
1932 714
6850 1912
3760 3426
5221 166
3177 1095
1725 945
3324 758
294 284
7676 2445
5640 145
4453 2742
6819 1575
4189 316
4326 2674
16 9
5403 4878
1001 537
8422 4985
9290 2970
4498 1109
5093 204
262 14
1609 49
8304 7697
8466 581
6547 778
4511 1975
4299 2833
3931 61
7510 3367
1842 50
9873 5500
9946 7119
4139 576
8691 2869
8097 7352
2448 1746
9157 6577
853 836
5889 3743
7336 1381
4018 3475
3538 3512
7562 6113
6951 2006
9023 5222
5216 1284
602 601
7508 3170
701 649
9506 2087
2101 1469
6125 742
4840 4497
4415 511
8386 4322
8320 5901
1106 225
861 280
8465 6539
4506 3924
8251 6786
7847 7030
6643 6209
2166 825
6380 3971
2963 899
5078 1581
1234 79
4212 3097
9678 1943
3475 3158
2450 2150
7978 6689
8454 7483
3916 130
510 132
7246 6084
3258 1332
7233 2957
1349 1347
4552 2445
7654 4200
7133 2449
9177 2778
8266 4902
6522 6007
7114 4802
8928 5568
9421 1640
6850 937
7982 6767
4506 2290
5710 685
6195 3029
6980 5767
8119 5223
1929 546
7949 657
4697 1164
2629 2612
3278 1513
7764 606
306 109
4297 951
2705 2659
8434 8119
5648 4215
4179 2168
6305 6195
2682 26
843 657
5804 2744
2161 81
1554 837
6777 2101
3335 2821
1589 79
7441 2181
9362 4424
9525 5576
4664 2998
73 79
7013 304
2477 1130
3602 228
3964 1326
4870 1182
3360 1620
9629 9100
9207 9202
6912 804
66 32
2950 1284
2314 1424
9732 1642
6597 5488
3163 1580
5056 4182
5656 5203
5772 2813
6381 5469
1948 1684
9317 4699
9738 1714
7209 153
8577 5623
3270 350
2576 1335
9934 2171
331 62
1099 632
2276 1628
2234 149
795 75
6521 3267
7494 2402
7055 1108
4369 2423
2828 2719
3375 2712
1394 528
9610 2040
3364 1420
3504 1084
3314 547
9532 990
1964 1968
1130 502
5708 5649
7498 150
9831 4125
4352 3544
2978 2011
8636 5704
8855 8500
6272 2970
4770 1304
7666 6242
9262 1633
5118 166
1958 1006
8493 7694
1023 807
862 680
1105 504
6981 3534
5532 1082
2733 116
8028 2721
9822 620
9149 6234
442 318
9054 699
5853 4803
6323 5621
4243 4235
8284 1417
8113 5520
8136 5735
8654 2544
3104 599
8916 2556
1926 1432
9390 5874
3595 1492
3782 2791
885 764
7090 3103
4763 2927
9063 2797
8478 2365
1692 507
3301 1295
5829 3166
7552 5842
4236 3811
7895 5647
2670 2095
6622 4665
190 22
8502 6569
221 120
2441 318
5438 2405
3200 1540
8611 5957
4143 2761
107 63
4435 2547
6890 816
9705 5621
1671 1429
7431 1111
9351 5676
8668 3666
3352 2790
9495 7225
2377 1151
1792 375
5991 2188
7112 5484
6209 1928
304 31
4447 395
3420 1149
6295 737
3412 1351
6378 3963
7779 693
3564 2092
4728 1562
6628 3815
6196 1138
6987 6540
2376 1761
2115 813
3259 2910
1635 1421
4614 4274
7846 3566
2719 735
982 770
8134 6732
7642 2358
7393 3023
2772 2272
8180 8042
9478 1597
4658 4288
6129 3620
9602 4760
6570 388
1522 787
2872 2135
1558 593
554 118
238 165
4296 1153
6578 6229
1530 1390
6002 5726
8517 1260
1983 738
7671 946
3817 3772
2096 946
6145 3434
9932 3020
1694 1108
2107 1967
4342 23
302 58
840 532
6871 584
8501 3652
2055 1418
7498 6518
7847 2702
9485 1337
2728 1308
5336 3837
2092 1402
3085 2931
5793 795
5203 1308
7772 5797
9921 3069
7298 2075
3591 375
1639 898
4852 3327
8210 3996
6889 6013
3813 3570
1253 1167
9766 127
907 888
8182 2350
3520 3324
1201 1169
4508 3778
6485 4514
1950 966
8317 3141
1231 530
53 28
8672 323
2332 680
2768 2654
7326 3638
7073 6779
9312 8563
9102 1292
6489 2675
5608 354
8099 4868
6809 4078
7977 7397
2177 1411
9068 6558
9710 3285
6844 1057
4491 2803
4257 3286
9393 9041
2976 1384
8479 1405
6204 4450
2609 671
8950 2246
6639 4139
5721 5495
5679 5544
6092 5133
5329 2184
9084 2474
7150 110
3171 1443
228 189
5148 1312
7018 5390
5351 4632
8979 4751
602 390
6866 2883
460 132
5948 2274
2810 2228
4366 2615
5248 2655
9354 251
7299 5788
8868 7328
5813 5329
7345 7078
6045 3660
661 599
3835 2830
9909 7001
3983 1285
6338 5195
9814 5219
5849 3469
8829 363
9770 4571
9426 4933
788 431
4203 2345
3712 2201
2024 1710
3900 2848
3070 2594
4070 2946
406 152
3329 827
5488 3255
5555 3657
6839 4926
2642 2327
6121 4098
5139 319
4716 2918
231 178
3964 66
3252 2032
2334 572
8253 4112
9447 7796
6411 5557
6965 3002
3643 2191
9295 9257
2799 229
9603 8970
739 522
2472 1682
683 585
6719 2627
9347 7670
5961 4711
9643 6700
5581 5528
3288 2549
4610 1695
1019 455
7302 94
3102 2705
2006 2004
6997 5543
413 229
5317 3672
7354 2745
5120 1537
6528 1057
1806 1070
2944 2221
8742 6156
8130 7044
3606 1681
9989 5280
6780 4111
8082 1390
8307 2625
9206 6103
6526 4824
9773 1240
2325 128
4379 2825
2994 1903
8896 4975
6153 261
9016 4728
7684 3929
8694 2323
746 555
1828 1663
5803 2994
1355 1089
1069 487
7222 5216
6348 1742
6038 4716
912 885
4635 4464
1038 405
3225 842
5770 3736
9691 707
5932 4658
1481 53
7032 2701
4447 3786
5038 3033
8689 8391
1491 37
3719 2640
764 396
8963 674
6799 1648
3840 676
9795 2371
1674 446
2060 718
1641 684
7563 529
3754 2908
9227 315
4160 3815
9782 9324
8419 7325
9211 6297
4980 4903
6379 5948
8935 7855
3298 1886
4632 773
9241 8470
3183 911
6016 4070
2776 22
4007 2929
5398 4494
3254 838
8457 3989
2077 1692
9581 781
843 145
1970 1354
3765 3227
1544 1412
1078 529
3000 921
7376 7124
3155 80
1552 691
8155 4934
6972 2479
9388 9171
6328 1473
3624 3041
8284 32
390 64
5476 2954
5894 542
2171 866
355 347
3467 1362
4805 1529
2693 1887
1031 770
9446 4568
4217 4222
9399 7048
7390 6717
4649 82
6288 4168
3961 666
4914 1934
9632 2669
1076 686
8875 4533
2977 906
5383 2063
9726 2074
6016 552
5417 2117
1755 1717
2842 341
2122 573
7103 1841
6601 1380
4834 3180
4297 951
19 28
8769 8080
1974 679
1727 1159
9819 9275
2094 802
7347 5141
2347 790
8995 14
447 209
5237 419
2056 502
6942 3110
646 464
7121 2340
304 87
7976 4058
8370 2947
3317 1277
4031 2790
8693 4719
2448 1811
8775 7341
6114 1844
9388 6387
8275 2720
9134 9055
6794 6594
6587 6541
7659 3598
1731 478
614 510
4639 506
8805 1492
1715 1477
2540 2326
2053 579
4956 3288
6604 3319
1317 338
802 428
851 840
8352 2643
4228 3423
9421 796
9061 4969
1461 511
4870 360
7578 2361
757 259
2197 1445
9147 187
8983 4457
3839 180
8010 1354
7526 1216
8110 2141
3249 1536
3315 2495
806 370
6520 2322
9692 9507
928 453
6855 1669
8014 3636
9323 2847
2449 1294
8182 1317
9986 6050
9421 1491
6885 4554
9309 2198
3033 234
3794 1544
6485 5601
5817 1198
1244 320
2192 2157
8702 2748
6754 5909
2872 499
2802 883
262 260
1518 1095
7961 6971
151 68
1247 425
4503 3679
5383 1567
3380 2279
2178 176
3501 477
5194 1779
2655 727
7921 1708
3184 2414
3990 750
7354 6088
106 102
247 164
6496 5716
5182 4889
2724 1769
3808 513
8642 3231
7712 7712
2637 467
8516 2447
3624 2698
9791 4768
477 381
6352 4105
9380 492
7240 3355
6130 2266
4784 1264
5991 4551
2850 859
8066 5895
2652 1714
3768 458
5252 2668
9584 4688
2562 2359
955 35
4847 4474
6713 5297
7648 1314
5721 2416
2058 748
9745 199
1134 811
9834 6474
2457 915
9531 6962
3393 3255
863 754
2757 505
291 273
3576 3563
7487 6486
5724 3812
1289 199
3260 210
6052 431
8785 3733
4176 3231
8175 4634
3421 574
5926 3280
3939 2616
5078 319
1489 1184
742 342
9063 7143
6616 1351
2591 1133
309 148
9036 139
8371 7623
7668 396
6935 1651
9257 2293
3339 899
8636 7281
7579 359
8658 1053
6844 3324
8009 2751
3717 1025
2993 1328
2595 2508
8351 1977
4518 3247
8816 1794
5023 1175
7248 3298
2590 1117
8497 7425
6900 5784
2673 2023
7662 1130
2619 2225
1093 120
4637 1929
54 8
7596 2247
245 81
2163 1783
1442 336
9853 8315
2351 1932
7958 6896
4746 2278
6688 5194
1197 153
9867 1943
1309 906
7711 2991
6758 3041
6608 4508
1323 382
8027 7013
3923 1203
8303 4224
1877 1006
6786 5469
6071 608
9556 1999
6853 3986
9189 4277
3821 2835
6154 4778
9284 196
360 220
1664 575
1990 1568
2977 1116
5474 879
1925 1431
9842 4363
7825 5011
1336 130
4977 2956
3360 63
4772 1592
4858 4183
9114 5445
7553 4635
1721 564
2546 1573
3195 1430
5526 2922
5478 1055
6108 4238
4676 2249
4767 3302
7707 2712
4730 2478
3619 2183
1777 1257
8369 7210
3182 1591
3599 1279
785 491
67 39
9857 7075
965 201
2420 2343
3535 38
7815 7169
5827 3254
2623 494
8667 2016
8700 1347
3426 2390
2770 185
8979 6123
3252 1702
6176 4306
9740 3735
5100 3576
5139 2411
6379 5632
8421 4988
3592 3439
9868 3069
7686 7159
6139 2071
1853 1071
8502 5581
1987 696
2162 1186
5742 4515
5715 1111
9551 1569
7795 3936
2304 1665
114 52
9341 142
9583 6698
4644 3652
9696 2183
4792 155
7882 4028
9838 1105
7429 2947
5099 4917
1657 879
8922 1521
4882 768
7797 1930
2320 581
5487 592
2435 405
4711 3655
277 232
8630 2193
9941 7196
7033 744
7637 7259
3776 134
5968 5491
7745 52
5194 4510
9133 1674
9584 2031
2334 612
4429 3347
2249 332
498 347
4442 1506
470 6
6595 1551
6895 94
3374 1041
6012 1484
5099 2561
8477 7790
1357 515
9784 3034
4747 1579
6156 2143
2824 1596
9505 8736
343 333
9211 4985
4381 1554
3817 2450
3293 401
7499 4053
6558 4062
5385 4843
4982 8
170 108
8038 4458
8066 3535
8072 2296
7835 3297
8238 795
6739 3475
6509 776
8489 3522
5084 153
3282 1492
3109 2863
7348 5384
6048 1394
3979 3575
9667 1741
7447 6571
4243 690
6185 3856
9245 7840
1016 363
3559 2397
2716 1573
9144 185
4838 1416
4582 201
9505 48
8601 2979
8381 3693
7913 6362
6620 2853
9385 4120
9462 5287
7552 6681
9398 2761
9720 3820
975 892
5462 4681
206 212
9784 3714
4005 611
4414 644
2149 907
54 33
1095 857
5271 2245
6207 4560
9174 7667
776 724
94 31
3773 2615
4619 4116
2328 317
9420 6955
5812 3468
7291 2413
7910 2956
8316 165
7357 3138
5025 1695
211 158
4462 3325
4617 3274
5792 5765
243 45
5893 4787
9005 7301
7006 1901
7465 4559
8163 7191
6639 4829
7229 1687
6914 4641
1487 594
8206 5367
386 27
2782 1770
9652 8303
4407 1175
656 647
8699 3527
9757 2596
9974 1993
9098 6273
8610 1278
3113 868
389 6
2364 1451
701 521
7759 7721
7553 1605
8179 1833
8157 1798
8677 5530
4447 1105
7656 3179
4944 4143
9112 5972
3340 2843
9223 1116
1039 321
4012 84
8911 2077
3889 3387
4159 1100
7646 3806
8312 4903
3790 964
6340 5072
7410 6372
1309 1047
1816 1009
8684 3063
3967 1453
8622 7228
4098 1948
6760 5990
190 19
1802 1630
7395 1302
866 400
7395 3014
4851 490
1166 714
2086 1429
5873 3456
3095 1183
4864 4530
4252 1757
2908 1368
9544 3494
8410 5446
3834 844
7465 2396
8348 2156
4602 3044
2085 1011
4691 1455
5353 5277
7926 75
7839 3117
6450 5815
3270 3109
563 356
6916 2988
7538 2597
9065 811
4751 1022
2724 1677
8111 6507
30 5
3954 630
1026 802
6420 6208
6177 3201
7958 2662
9089 7624
4699 1007
41 44
4594 4188
8944 8158
9115 3555
8071 4216
6661 909
5929 1046
927 456
1498 1362
2567 868
7132 6326
8446 5954
464 182
1168 920
8653 8398
6563 3061
7118 505
7095 1136
5440 4144
4403 3922
7955 383
8732 5136
2331 1104
7840 4260
7942 1305
1964 473
6957 248
9822 8294
9870 3708
4167 2632
4779 2761
5918 1744
7733 7497
4946 3161
5813 306
3211 1252
3643 1003
5164 2218
5032 2297
6902 3594
5678 4753
8304 667
5117 3271
6407 931
5007 4641
2320 1675
6982 6894
2532 2224
2493 347
2380 2349
7816 2945
9194 5775
9016 5955
5984 359
6950 1745
799 696
5222 1575
2013 782
7081 5001
6320 280
6006 2367
6782 4230
9968 3471
7452 4074
3416 306
6098 2566
4690 1758
8725 3995
2224 1977
5367 541
3372 2405
4672 1176
2322 322
9636 1682
4309 4297
1328 798
1638 187
3567 3058
4844 2955
658 171
2187 1296
9250 3175
7736 7059
6015 5314
3553 159
2138 216
5985 3706
5349 757
1797 665
136 45
6730 3009
8842 3899
4258 4250
8504 6427
7853 2252
3695 1261
5923 5003
2977 889
2903 2737
980 172
1680 693
4613 1056
8183 809
778 60
5816 2631
1448 721
9259 4681
9166 9156
8961 6083
5802 2860
143 150
2687 2395
8563 7956
1684 1316
3226 1276
7177 6622
8421 7017
4089 2941
5903 111
1859 509
7821 805
2215 1465
6602 3642
981 119
3546 340
7527 970
1321 759
2948 143
2287 1002
9364 9006
8097 1351
5703 3752
4510 1085
8574 2402
6718 5426
8524 2505
885 680
8113 4075
5455 719
8176 1672
4518 4327
5794 2438
269 34
9855 7826
6934 3139
5771 952
6787 4158
3524 1354
4 13
2647 798
5869 103
7119 1050
4245 1073
1542 1335
4978 4234
1755 759
1643 763
1703 818
9984 3796
7033 1228
529 212
515 353
1320 201
9237 1984
5625 1354
3558 2779
6819 1759
6958 6494
5769 5006
5063 4577
8196 338
2524 2278
7284 5458
2227 1316
5966 2166
5917 2411
9399 641
1203 185
7840 5342
3318 295
8190 2869
7740 5427
1395 1039
4320 3383
6521 628
1037 768
3341 2086
4323 815
9043 557
170 132
2047 440
3419 145
368 54
9876 8194
2427 1109
2231 155
210 218
4348 1949
854 98
5938 3865
9707 7487
1906 1327
7634 3821
4408 858
9817 215
5029 4753
9380 1
2824 1978
2603 2071
1734 441
1814 1316
6651 2486
8973 6656
9304 9313
8939 1989
4651 3474
5188 1478
5347 4731
4765 3731
882 705
7511 1612
2017 1945
8377 5322
6571 1360
4157 1461
8661 3906
9139 3645
5985 2086
2632 862
81 91
8334 106
9852 7654
5610 5541
8392 6455
4812 3501
5161 403
7464 3234
9930 4131
1194 177
2211 309
6313 3961
41 3
4335 2029
5478 2163
579 314
5330 2803
1435 622
5981 3725
7716 7465
2182 2103
1594 1291
6191 5334
2454 573
1195 458
6804 1504
8055 7863
6415 2080
8097 6289
6964 2415
6084 2517
9689 8273
6482 2659
1589 1355
4059 2786
7183 20
3755 2521
5349 4877
637 121
3818 312
8942 1802
2603 2574
2966 1124
6160 974
6165 4068
7088 696
9821 1816
2789 1567
1789 51
4290 358
4823 101
6181 3709
9416 3844
3709 2337
2728 782
5289 1907
7387 2248
9250 7590
4801 2750
5228 5080
4793 2889
5590 1428
5245 5120
891 427
5358 4760
4815 3818
1604 1056
5210 3693
2217 713
3513 1594
7420 5759
964 333
6345 1115
2242 492
6802 4561
7467 6029
4792 2984
7725 7276
7008 4531
6554 1662
9494 7976
8508 3768
2010 2001
4841 2335
4751 3663
7927 2276
9237 7768
4243 1937
6472 1988
2038 508
2081 238
1573 794
4963 4798
1540 176
8768 7940
7503 2615
7783 4731
7739 7320
6309 5842
700 94
8530 4900
8432 7451
4549 257
7702 5172
9039 1476
3130 1053
9729 8559
4796 2953
5935 4834
7344 6352
9697 21
8326 2165
7276 2976
9706 4219
2007 1260
7880 2782
4521 1718
9667 5043
4147 2530
8700 2764
2917 2602
8442 4456
4181 2658
5922 5099
439 140
1572 1132
127 12
9246 3381
8816 6746
6197 4239
4364 2848
6543 5157
4248 51
1255 1163
5024 4305
2984 2402
2573 1410
8779 3195
1003 62
1479 229
2378 653
7469 6413
6362 3802
1434 370
5825 493
3894 3154
5071 3014
5801 2612
7725 7264
7893 7257
6310 1670
1697 1030
6528 1980
7662 4479
7476 2632
8782 3929
5450 4242
6563 2963
9060 8795
5892 2488
7956 6116
8134 2370
986 149
1461 185
231 239
4502 2616
5553 2708
930 903
8722 5686
8691 2160
3209 1247
7046 4349
9538 8919
1090 611
9746 835
9942 9192
198 132
5988 2122
5056 4774
1537 287
5214 2651
52 30
250 155
486 354
9593 6140
9773 9340
7708 3256
8567 4195
8469 7853
8170 77
321 51
3404 1236
2782 1779
2080 1412
5760 3216
6078 3303
6928 6395
8402 1254
3823 2521
3883 3014
9346 869
5221 4892
3881 3572
90 83
4399 2679
4897 1017
2001 1979
7733 4326
321 86
2608 1238
7453 4945
1676 408
6074 5038
2444 2243
3844 2837
4647 2163
2801 2720
1584 585
474 439
2964 2059
6909 1361
3782 3659
5139 711
3147 2731
5675 3121
2039 821
7313 651
6892 6802
5518 1343
2988 532
8587 7372
4482 3945
8051 848
7252 5937
7667 2842
8795 1264
3434 2423
3190 1241
8849 1778
1390 435
7288 6136
3808 2137
311 135
5329 2851
5497 1886
6393 3718
8124 6208
1064 759
4762 2890
781 91
3527 1719
9108 9063
5027 1667
5856 3593
6516 3672
8751 2468
8358 3996
5693 4393
2200 737
221 27
4329 4151
1260 1104
3170 83
4345 155
2690 1131
5723 2268
1476 1053
827 762
9496 8085
1757 1184
8243 3303
7192 4150
702 429
5982 1381
4910 3017
4769 4076
9442 5980
6772 4067
6175 98
8733 6290
7400 5274
2942 146
4655 3438
7809 4140
3158 3108
4047 1341
8611 388
1727 293
9163 1028
6684 3116
5117 3222
9343 3811
2447 463
204 27
2250 1363
2891 395
7658 5629
5826 1333
2773 2254
1221 140
6510 3890
4551 883
7357 1688
3256 2495
5085 3116
6837 6085
6755 2239
6793 4861
4798 3266
7511 3161
2403 795
1266 341
197 31
8437 2257
7626 4332
5102 2355
3280 1601
5603 4497
9616 5683
5581 5253
3791 2645
6640 1397
5606 4055
6202 1396
1806 802
7864 5033
3964 2034
8653 6819
4160 3844
7149 1260
9 1
2723 518
9604 2631
6657 5281
7446 1875
2515 1731
7542 3565
2585 504
7351 6407
1713 1266
3560 2502
9597 2121
5684 3069
3965 3000
3416 2977
6957 3342
5674 5656
7403 7378
2434 83
4636 2375
1455 367
7926 3564
3672 2826
7431 5544
7590 1749
216 79
2025 277
7414 5825
9402 1110
7433 1699
7652 655
4743 2911
9984 7289
9129 2635
1524 964
5868 2518
7432 1645
7932 5700
5469 5340
8655 6217
6996 4851
5674 1134
8476 4705
1781 307
7168 4804
7453 857
5871 5023
6514 1905
1041 430
6528 5063
2400 1011
6659 2538
3865 2202
30 23
2345 930
3375 1303
2389 1533
9955 5872
5704 1352
4828 712
6920 649
4884 4505
3785 3771
8568 7045
3308 2985
1330 821
7420 3452
2314 1902
5073 1152
2080 1704
6347 4180
9633 1697
8008 1029
9960 692
8823 7733
814 281
1216 2
8127 7885
4205 2622
9128 6086
3197 2229
8422 2966
7048 4437
9958 3944
8162 2842
5657 3796
5623 3756
2926 528
1269 590
5269 3916
3982 611
2291 1012
253 89
910 291
4825 3050
5020 4943
5214 999
6044 4699
8827 4388
1248 264
3521 2422
1059 364
7093 7100
5150 3366
214 224
7392 2297
7907 6332
9514 1466
4243 579
2391 1343
2201 1671
2064 1837
8552 2801
2723 2406
7230 6221
1854 1693
6330 5336
5534 3859
4379 1374
556 292
3287 458
219 6
1636 1502
9548 8941
5152 2985
120 32
7976 1238
374 300
2749 1807
2457 101
6925 2371
3027 1271
1240 231
9856 6887
3936 2919
8297 826
9580 5229
3528 444
7201 2473
9151 7592
618 368
2014 274
6595 2508
3820 2491
9525 1193
1855 502
2672 1715
7073 200
1756 1289
7825 2840
5123 363
7902 1642
1865 328
5987 5872
6207 2117
4509 334
4883 3701
3793 1516
510 27
8101 3196
1166 935
7767 5990
2157 892
9327 9150
8897 2181
3730 1134
5348 4821
2191 1093
7033 1174
8973 343
9630 5481
1667 474
9092 6893
792 432
7001 1632
3296 2129
6421 4384
6499 4107
5106 441
5136 1689
648 458
5227 3248
26 6
7470 4670
8006 6796
1314 1136
3105 1086
49 15
1500 23
3377 3070
3766 255
5733 5657
5475 4390
2351 252
5891 4506
4970 3582
1418 945
3178 1246
1363 266
8571 5774
3456 1144
4294 3100
9682 5163
2524 1132
9006 4715
126 55
2571 1306
9328 479
5780 2699
7001 6907
1999 1377
5532 4894
3117 1004
215 179
2084 1222
6903 2713
8931 7924
8976 3750
7249 4253
1873 533
2726 1682
4470 4054
6357 3437
1833 4
6021 964
1329 804
3600 440
9342 6414
7244 6486
5304 802
9158 2594
4969 2837
8161 832
1749 147
6962 5620
5733 2506
868 378
8936 2536
7062 3570
965 726
393 173
8585 5574
7375 995
5164 4013
9956 8252
4705 1456
4160 1478
8837 4463
9491 6582
3917 3027
2504 2249
5145 918
9757 1550
6490 2137
2111 1370
6677 2877
9429 1211
5491 5394
3939 2807
7557 5408
2123 288
5672 4553
1632 1382
7364 2977
8408 855
6117 2226
7403 3172
4831 1550
7829 4642
6101 4422
4038 700
7052 1410
7529 1351
9430 392
4955 4935
4519 1209
5631 5231
8996 884
8115 236
1616 569
4185 3493
6048 319
7942 464
4238 3234
5109 3098
5581 1822
2492 213
8594 7417
6135 5843
3523 2006
4068 2381
428 338
9533 5386
7900 1643
5443 2005
9367 505
8631 7404
5804 4467
8312 5668
5250 3067
6062 281
4961 2478
1846 1550
2746 1910
7442 6667
1364 417
8192 7452
9432 7198
2435 2398
8943 5412
4851 2415
5351 3589
1734 1103
4366 3874
3447 1231
4620 4329
3394 949
4871 1998
1470 1277
1967 326
6412 256
8024 1037
1824 671
5438 4003
4514 1120
2239 361
4417 4062
7958 197
6665 3235
753 569
27 32
5490 1327
4609 4094
1346 1201
5362 1989
7620 4703
1753 821
5508 4398
2564 94
8314 726
1650 142
4282 2220
2801 1699
686 524
6370 529
7560 5327
8098 5155
6553 156
9141 471
7912 5952
5379 286
3717 3385
6101 1104
1747 765
5748 1877
2696 920
2852 871
7525 3001
5552 4450
3569 572
7420 7377
5704 2014
7551 6687
9064 8222
2968 543
5294 2540
8195 311
9704 6231
28 24
7836 7423
454 462
2548 831
320 320
3169 2324
6445 2522
5868 3628
2816 1411
6740 5055
3007 275
5393 373
2322 1538
7234 421
2320 2079
8835 3364
448 231
8697 6974
661 289
8555 1059
8183 4816
8475 5515
5896 4125
5592 1420
6745 5988
6978 6392
4447 1603
9079 8339
179 189
1127 980
1410 1080
8250 7708
7079 5424
1914 1188
3535 2864
2049 922
7313 5071
411 31
4704 83
2404 739
2791 1561
3066 1184
3901 1272
9297 7103
4476 3153
7145 1944
2774 1652
2329 1582
2719 1231
7977 5856
6283 2188
2899 871
5909 1169
7087 5074
4981 4842
2680 920
3862 1745
8529 223
8093 4123
1569 1132
7864 2396
6385 5531
72 49
5724 3176
5781 3817
7131 5089
746 596
2961 1698
247 254
5071 4492
7153 3476
8033 3769
4761 4067
1139 608
9424 6670
9456 7790
3927 3231
8520 690
3019 2340
3188 1291
9533 1116
3027 530
945 113
41 33
1502 351
2653 1928
478 99
8929 2592
2907 702
7629 6717
9901 2939
7971 3991
7594 6334
2719 2552
4351 1985
6324 3965
4670 2433
3987 1220
6901 4510
5825 2851
6578 897
8188 3823
2575 1523
1456 976
8347 2265
5596 2694
7723 5799
3260 2452
4168 4117
8612 7304
2571 1575
5319 1663
5146 4025
2271 2228
9742 4428
5389 5157
4742 1645
8077 8002
2086 830
8930 1096
4705 3637
3274 2382
6610 5670
1501 1217
2015 726
428 7
709 523
3953 3728
4553 2894
1309 1108
1013 810
6621 5976
6374 2438
4721 1916
525 171
9298 4012
5739 2349
3404 2093
3640 3189
5538 2866
3831 1298
8407 942
8000 3057
4827 132
5490 4379
167 50
6908 3299
4254 2614
2376 1495
6712 6294
4585 2946
1835 337
667 121
9090 9057
9023 7342
9642 2362
2657 1890
9062 6739
9381 8622
7223 3486
5211 1517
6470 3979
252 76
8643 5578
1893 180
4475 2340
8754 6193
4008 197
953 406
4787 349
5901 4348
5328 4193
8955 6476
741 299
4448 3801
1328 1166
1211 366
5678 1506
8748 6881
2818 2571
9941 6806
8875 7914
5170 5088
2687 2237
2520 240
6511 904
1382 940
910 564
2672 370
6988 5181
8820 3611
4229 137
1096 685
7965 5178
3992 296
7346 4833
7052 7059
6821 5890
6129 1374
948 605
9585 733
4379 1296
6027 824
1467 1072
2371 70
2217 1104
5782 2415
2983 2587
7010 3472
7162 137
1675 99
8393 4344
623 90
7652 6919
4027 2582
5900 851
7902 595
1810 1136
1748 1131
5503 1033
7908 4056
6215 2117
8757 4647
5012 2378
1168 642
6891 5343
5347 3439
4698 2150
5541 2799
9896 5108
9649 2256
5174 4760
8627 3369
5779 2310
3605 3486
2111 1467
8256 6898
1256 776
2634 2010
3477 2978
7082 2179
7510 63
2579 66
2897 2707
7360 7
7326 1934
4968 3470
4634 3824
544 227
8961 522
4922 3783
3414 3343
8539 561
7808 4700
4875 4168
3968 3625
1649 903
4629 1960
7155 719
5926 4155
1590 1559
9216 1202
368 192
4030 3681
1248 888
1437 118
1269 130
5736 4718
1098 210
3955 2591
5505 3049
4750 1537
2644 2173
596 439
4723 4298
1357 858
9743 8115
5912 2003
3572 2705
6885 6427
6118 2243
492 124
949 802
5727 1083
7508 4836
5764 4465
4578 2897
3990 1179
5432 3880
5215 2023
9605 1116
2851 859
1571 1283
5631 474
6116 4814
7305 5895
2361 639
8957 45
4352 2287
6420 6228
1741 537
607 594
442 340
8726 4044
172 107
7730 3606
2339 818
4625 1721
8503 4751
3416 690
970 276
193 19
4856 892
4793 1143
7490 4823
1088 1005
9744 7062
4106 3064
8920 102
5425 2540
2056 1381
675 472
2752 487
9963 3106
4638 849
9742 3485
5139 954
2340 1652
3791 182
6949 143
8327 6306
5550 259
421 234
3604 1630
7150 6895
976 594
6543 3377
6668 532
5586 4441
3753 2188
8211 3183
8959 5791
9716 1165
3703 1338
2681 1395
9468 4088
8343 1654
2873 433
7192 5994
6344 5258
1612 1397
7983 6395
2886 1418
8148 2754
954 622
1800 1334
3414 1168
5855 2717
8245 4964
2399 699
6619 5139
251 235
4673 2664
6812 3985
2469 1068
8319 6340
2916 1638
4253 3796
326 192
7966 3118
1360 632
654 150
3273 2922
7445 180
3264 2898
6105 734
3933 1383
7984 3907
4611 2648
8038 1292
5095 3540
7345 95
3141 2153
1981 464
1156 514
6481 5476
1058 827
211 191
1685 490
6099 4358
6994 893
1838 908
6853 5326
235 232
4686 3558
4975 2969
4608 461
3990 3963
3099 1654
415 384
2070 952
7327 3922
8293 6552
5218 77
3867 2799
4585 2677
718 403
6446 3452
2559 949
8717 8057
519 74
2174 17
3456 731
7275 486
162 120
1208 896
8702 3954
7696 6142
7668 5136
8222 4308
461 180
3216 2387
887 158
7932 6377
5478 3880
519 320
1023 835
1743 1579
3388 496
8433 3963
5934 5021
4509 1531
9758 8914
5483 4861
4666 2283
4264 3936
2940 2536
300 128
1831 1695
1182 1054
3732 3261
2463 2409
6494 3050
6041 4748
7367 2607
1944 936
9485 7654
129 111
1859 1723
7417 969
6193 67
4506 3941
3836 2461
430 39
2673 2338
9396 1811
8767 3138
2765 2707
7537 2832
631 624
4554 626
6778 934
3135 3065
9236 71
1679 1457
5873 2885
9757 3850
2981 377
2677 897
3563 601
6252 4887
2188 1497
6989 5566
1705 353
7654 3199
2806 1625
1325 1253
3632 1093
1408 173
8450 3194
5417 2431
6387 4969
9727 1232
2871 2724
5919 3339
3273 2971
4515 1399
7132 4781
9204 4735
9289 2819
9276 3281
3132 1058
4986 3760
1739 727
9121 4513
8968 1984
7238 2694
4989 4538
8179 7172
4885 3117
7797 2267
1392 353
4792 4246
8822 4841
2695 871
2162 1676
3974 3157
6255 399
8206 3978
2502 624
2659 2403
9002 3179
8884 4620
246 201
5938 2133
8756 3194
3570 1139
1913 1427
3104 487
5477 3717
813 770
3303 2320
3071 1435
6288 4028
4105 536
3419 2349
7773 7610
4019 340
6023 2513
151 92
8112 5132
9915 5288
6134 4100
9289 6440
2650 2474
9234 369
8647 3680
784 288
8373 7689
2359 14
8996 8852
1532 1465
3282 1621
3037 2552
1269 761
2810 843
6788 504
6315 1971
4027 2405
3406 1021
4207 1462
3673 418
1340 698
9286 86
3673 1711
8986 424
5223 2564
6828 4788
3102 1042
6712 3453
8639 3651
9225 3205
4322 1733
7490 5890
1373 274
4316 3428
3988 849
4293 1096
2011 126
4625 4488
6439 1394
2059 1276
6932 459
3783 721
7275 82
2982 1509
3264 2959
9145 4588
905 672
3575 1814
805 58
1316 447
3715 1193
6512 893
8622 7604
1453 1058
31 20
5316 4604
3065 79
4949 1071
8052 350
960 480
6411 4429
4614 2876
5598 5369
1868 1201
8305 1098
8945 4513
8488 1067
5454 4103
5655 3114
2755 1107
5992 4764
9839 2974
7468 5793
1733 155
7378 803
269 80
2893 1803
918 733
7202 1470
3907 516
1633 819
8781 4835
8727 624
746 473
6253 1861
4246 1962
4518 604
9684 3025
866 667
4078 2658
3499 1381
5794 5792
7158 6877
1951 1849
8963 6631
8804 4219
473 351
9496 4259
2889 1373
8921 6403
614 498
7198 2277
4644 4275
161 109
7816 5607
1374 92
4657 1727
2654 400
7639 7198
9704 6378
6201 5417
8930 2942
7233 1485
4657 608
4016 1393
3629 1506
1377 912
8382 3710
1227 804
4469 3264
7099 453
1699 744
7393 1272
1847 1147
2299 1022
5850 510
4204 2249
5169 2967
203 37
350 76
8998 6601
8709 6851
5545 4703
1116 552
4033 768
3319 1986
7282 5933
2027 219
5635 817
9641 4781
2286 147
2316 1596
6979 6228
6030 822
8077 4689
8207 203
1579 758
7738 1875
5176 4808
1143 1113
5549 3661
6747 1412
6286 3606
5776 2616
3618 2039
4023 1833
6008 867
1686 1400
3648 1766
7580 1621
3068 349
5330 3903
6195 619
8883 5129
6852 212
180 91
4380 1274
9718 4463
8933 7398
381 362
4321 14
6264 2580
4959 610
6705 3015
1714 77
5264 1280
3359 3
6689 6011
5219 402
9705 8560
9755 4359
9496 4373
5802 3048
1720 553
9095 3570
5866 188
1222 505
2829 1828
1719 1141
3039 1319
404 231
79 66
7166 5854
4117 412
3488 3470
8911 6220
436 162
9933 5556
4517 2433
8300 6964
446 156
6885 2379
2821 2410
4707 4579
3581 115
4741 507
9187 5582
5544 1375
3079 2804
2500 1197
8777 5774
3006 2850
1611 524
5864 5412
3082 2919
1454 421
4876 681
6224 3469
182 37
1908 313
8580 1163
5766 2060
3456 1719
232 110
7996 6094
5556 3736
6774 1424
1850 80
679 101
4104 475
4789 3505
9724 3823
1823 1361
5952 1018
8319 843
9185 11
8854 517
6370 318
8403 2501
5485 2903
8230 613
4768 4070
3041 2808
6722 5835
4375 2861
8419 4165
44 1
1057 387
1141 441
3147 1305
575 34
9079 2087
7816 5852
5524 2676
5862 276
232 59
2417 1583
6225 2349
8564 3669
6162 5029
1226 79
1432 506
5914 4724
3628 1207
6888 2686
3896 1706
6711 398
3893 1796
4936 4380
8154 7836
2890 1223
4666 2350
7878 30
2356 1376
1563 547
5984 5195
4825 4576
3908 472
3971 528
8783 2322
8888 7571
7520 5127
1503 726
482 132
8840 2731
1356 856
7587 3092
1162 297
6860 2227
3711 1713
6207 447
4430 2891
7371 495
6960 316
2431 860
1595 123
3935 480
7323 4669
1205 706
2695 226
7228 3110
3193 1434
7977 1420
1375 454
594 351
2166 96
1830 606
7055 7037
3979 2422
5406 474
5363 890
1676 1583
6474 1631
6702 1680
8729 5244
5071 3723
4967 3651
909 17
9746 5223
5140 3364
7862 3731
1935 442
8679 5998
10 18
6711 6094
6425 949
2105 1952
7326 5190
5332 4533
5509 973
780 400
6597 1441
3804 2322
2482 1682
1030 467
5210 2764
4682 3876
6672 4573
1175 552
516 198
8842 7638
2699 643
7358 4869
9879 658
4215 3428
5286 522
8677 4100
1251 1080
5260 2858
5778 789
4602 3403
4315 3206
4955 3092
6650 3424
4758 863
4852 815
729 705
67 65
3036 3006
8150 5098
2113 1187
2354 1036
3850 1905
357 356
9006 6065
3924 1448
7293 35
6110 3598
3522 1836
9640 1570
377 210
2536 2102
8927 8373
7213 1808
8066 5282
7877 4259
261 194
9953 3635
3607 3512
794 270
1779 177
4152 3231
2341 697
3221 300
1799 601
2734 1101
8642 1744
5185 2724
2010 858
6550 137
2595 1955
9168 8023
4963 4227
8021 4258
6152 1213
3786 1984
8944 8046
1427 293
6813 6152
9163 327
2414 2021
9012 7737
2132 438
2021 811
9489 8571
4891 4869
8918 2618
7004 4897
3743 3477
2708 1780
5632 2404
3519 3052
6913 5217
7593 4627
7193 7100
7751 7592
1375 92
8464 2008
8031 3176
8284 4340
5285 1161
9779 8057
8767 6841
486 395
4838 2828
312 253
5789 4139
4588 4097
9344 8243
2783 2586
8648 7747
1022 363
3605 113
9369 2745
4317 3220
7485 3559
8757 4770
3959 3121
6812 2462
9230 8452
4362 3876
1087 859
4533 376
5229 2584
9682 2293
2564 156
3521 3435
5646 2179
7274 6421
9297 27
2435 2212
9195 5781
6135 867
318 124
5422 284
3396 1699
7331 6009
7690 7619
1882 134
1023 408
2280 564
6618 4428
2564 1542
8675 6442
4179 2647
6762 5011
4847 2565
365 360
8956 4049
3315 1386
5844 3644
8033 2122
2298 610
4688 1500
541 503
4706 1514
9428 4126
1454 145
6916 5206
9529 5162
6572 5914
5472 3392
620 584
3312 1821
2928 2290
3190 2966
6605 3017
8473 4124
3385 2725
6575 1130
4255 2185
5327 2856
8101 6226
3741 3302
6685 4437
7413 5882
5638 2016
5766 920
9227 6030
9649 9536
5414 3950
7301 5037
3007 2015
2261 1372
6514 3040
2591 2085
5245 3546
5058 1845
8742 6050
8614 7170
8350 6886
9539 9185
7406 6853
6783 1211
6500 3691
5394 3348
6600 1604
7161 3172
2474 391
8211 6902
8884 7922
465 274
3746 2233
2521 52
144 152
2025 1165
1806 47
4468 871
1202 1076
4242 3510
5533 370
2687 330
4542 389
7041 5917
2669 2264
8944 7739
894 563
8205 2493
1247 282
2362 1184
4824 562
1874 1142
3336 1417
3126 1194
6801 6510
5337 3808
4981 3502
3403 110
6970 3855
5992 5065
5838 2168
9406 7682
6222 2676
4954 2608
7528 6259
2894 1110
6419 5142
1727 1562
5816 3321
6378 4295
4818 2253
2799 2629
6238 5794
5296 2082
4510 620
556 44
9267 3363
7092 5366
8358 3811
6104 2031
7104 3102
4125 401
9455 3181
6994 1881
7643 715
8808 8709
8666 6071
1565 1363
3821 1688
3647 1488
7600 4294
3529 847
6663 5555
6786 1019
2084 1067
7007 5098
4051 1749
8225 4761
2937 2840
1382 1058
2874 1370
2349 426
4146 3274
9387 4548
1837 1619
2525 2234
3952 992
2193 485
7259 1707
543 526
1213 728
1763 955
776 194
5406 4055
9922 1427
1464 111
5209 498
4460 2568
7590 4298
8408 2582
2618 2545
2325 189
3482 2361
5078 2659
3584 500
6008 5956
7678 1694
807 30
8037 3949
9453 3203
5698 2481
8347 4512
7140 14
4565 4502
9236 2537
6905 2702
8439 451
7350 3773
1328 598
5781 1927
1007 1003
9876 3639
4262 533
1449 429
9949 8594
6866 1817
5098 3392
3454 333
9264 1761
5870 2674
1592 937
8465 8021
7850 5825
5242 3028
5278 3207
6032 2727
4433 4132
218 183
9640 913
8015 2699
938 17
1622 778
845 449
2900 1458
6080 900
8148 885
2519 1300
6694 2793
7115 1381
1130 622
5166 418
2695 803
8667 5497
9112 1110
4982 1134
5638 4712
2637 1245
6440 3223
7523 1809
355 243
8677 6489
2571 846
5330 1018
6248 5538
3742 257
9404 4470
2086 2044
3589 3074
2197 272
9100 5061
5904 805
3089 2427
3490 1680
109 39
6981 4641
9978 5875
2883 65
646 164
4777 2807
4735 3723
9605 6771
7025 5078
659 303
919 442
2082 613
5011 4284
8461 4490
6748 5053
7563 1048
6942 5320
2726 238
803 575
9787 9791
7219 4836
6514 1186
442 339
169 173
3345 616
360 16
8257 4135
8543 6745
5548 2718
4976 4421
7857 2414
7503 210
8656 5817
7799 6123
1533 54
2673 1599
7401 885
8197 2440
4861 2311
1313 713
1952 826
2935 433
8662 7683
9148 1887
2720 2724
440 192
3517 3200
6791 3401
183 158
24 4
6896 2381
3287 228
8399 1274
7259 1510
6077 1717
6938 4677
3339 1725
4457 4055
1451 961
5144 40
1712 1384
9828 2299
9526 1160
6354 1446
9060 3431
6883 2871
9464 8271
4646 4591
3488 2212
9956 6136
3380 2834
4919 4535
7665 3325
2296 1407
9435 6497
1052 132
3240 1099
3819 2822
7024 3585
5933 2461
968 574
2910 173
8315 3223
1513 1464
2198 1958
7632 5226
5412 4802
1324 171
914 553
2899 1426
9040 4882
4586 666
8232 2576
2713 1204
3701 2804
9502 3717
6562 5987
4758 3205
8944 7153
6239 4382
7917 6136
3097 636
6855 3795
4125 407
108 114
4245 807
3305 1309
3154 2856
2385 695
5867 5128
7472 5700
943 853
643 350
613 42
6543 1030
8898 1691
6194 5208
7625 6053
4075 3181
4730 202
1229 318
3128 1014
8969 745
5346 907
7407 3539
2125 1729
5343 2199
6840 5005
8676 8257
1534 895
1324 795
5345 2099
667 21
3989 1073
5720 1800
8774 3677
2146 1794
6438 1195
4679 563
7997 3993
6088 3080
4501 1407
9479 550
1126 273
4992 2775
5252 4423
1620 1597
1959 169
8128 5910
8490 5757
5796 2621
4463 3032
8992 3667
9667 2429
1781 689
6357 5948
7541 2134
6833 1965
1369 1237
3912 1570
4065 1491
1342 722
3611 620
114 103
7896 7268
4735 748
8708 6358
4657 1122
143 134
8622 3642
1935 257
2501 252
7609 1507
4003 1396
5862 3377
6695 5479
2951 1153
3594 795
4429 3002
8229 1769
3105 2351
5048 462
8272 272
6744 2729
9244 7431
6110 407
1867 161
356 121
4317 3406
824 7
3167 1966
7097 3360
5464 2028
5363 2956
576 548
3434 1329
8356 3759
9844 7473
4550 3836
3952 859
5806 674
784 718
6368 2981
6019 1986
4606 574
2518 1122
2989 1783
1614 29
9137 4618
7428 345
1060 166
7074 4862
4112 1990
2948 1634
3282 789
6856 1368
5139 978
1649 663
2011 106
3807 3304
2602 2281
3331 3081
8553 3333
854 307
5361 2209
2654 939
2859 2639
8241 5615
6694 570
8192 2613
230 185
7850 160
1515 709
2557 923
2269 1939
8322 6164
357 157
8116 1564
6045 2375
267 143
6210 4004
7550 5797
1639 1446
538 450
7955 2356
1857 461
6624 5221
4940 3995
9376 5740
633 378
5171 1114
653 553
2438 2212
131 43
5361 1047
836 215
7218 4840
9221 7224
4945 2039
4792 1895
7881 3779
5710 2596
4999 4581
7805 1553
8884 5872
6446 1215
952 72
4587 669
3405 1932
5769 1241
6102 2787
7071 4914
846 519
37 29
6965 2834
5582 2439
1870 726
3719 834
5555 3757
6580 3709
9688 436
421 56
9283 1283
8160 4982
8436 7525
5519 3468
1983 555
9007 8380
1331 378
2376 2149
7055 6186
694 247
6902 5315
9871 6294
4458 2
2315 1494
1225 771
1091 407
447 321
7120 4720
7689 4057
7627 1345
2846 251
9210 1303
2587 1560
390 276
1160 882
4687 3450
8697 7091
7164 5960
8145 8131
2398 2392
543 468
8219 5646
666 505
1742 1241
4221 939
5489 3645
7979 7729
3045 2522
7969 1547
1887 1406
6560 2107
7146 1318
7268 1633
2062 880
2970 1200
9136 3207
9725 7012
7088 2113
562 101
6377 6090
5434 1065
3696 3015
1121 216
7357 7092
1113 236
1721 846
852 191
4518 630
5200 3932
9785 2920
5112 4757
280 252
3440 292
5903 2616
7727 2836
9494 2572
7826 6213
5584 4440
1189 224
8506 6725
7125 4914
7555 1294
3048 738
4643 531
2805 324
2258 1345
8892 6125
5948 5851
2296 462
9007 689
1535 803
6069 904
7940 1471
5090 4523
8750 4260
2 2
6286 5734
9339 4128
9354 8650
1029 713
5909 286
5514 345
7807 1718
3356 1730
7707 1484
8435 973
2352 1870
9571 3278
9176 20
3849 997
5055 1884
2403 2305
9008 5616
6038 4413
7310 6227
9407 2643
9537 1240
506 295
849 635
6818 5417
6923 2943
8312 4723
6861 2878
9468 5677
73 2
419 133
4072 1973
5103 4923
913 262
969 389
7856 639
6671 2203
4059 1058
684 273
1268 1203
9452 4797
3695 2243
8920 8800
4833 265
6397 57
7718 2150
8367 6528
7265 2318
8173 5175
9781 5475
3388 991
1192 197
7601 5395
8135 6618
3970 1950
6664 3936
3404 127
7462 5101
256 46
58 47
2017 941
9677 225
7539 6413
5391 4
4460 2128
5065 3936
1501 1448
3904 2689
1184 1137
1395 301
5905 2349
1287 308
4139 1495
7605 5087
2657 1878
358 321
6285 3918
5938 3868
6046 4106
9945 2607
2312 1329
55 5
1290 719
4632 64
2047 615
9640 2163
5888 4531
1245 789
7224 599
4114 2035
9818 9208
7634 4907
2805 60
9612 6929
5513 4721
4431 399
4044 3920
5361 3593
2221 964
1678 1470
8273 3461
8105 4003
5000 3237
6513 5095
8389 6228
3578 974
5263 10
2529 1663
4917 531
2483 2194
8484 6488
4907 3031
984 555
1213 484
4941 617
7486 6252
1868 1306
6592 797
4421 3268
5808 5553
5196 2339
4781 989
5060 4429
4745 1010
6136 1431
9690 31
6989 5862
4573 2869
2717 2254
4220 2038
8591 2384
2628 795
5777 3949
195 56
144 111
4484 954
6261 1274
8650 6752
1141 783
1920 1535
7793 781
5060 16
4267 674
2621 702
2895 522
8005 2513
9891 516
4732 821
7549 5259
9432 5831
354 328
7829 1826
7088 2794
4173 2474
7204 465
2113 1323
2173 1995
6444 2828
6169 3411
324 132
5036 4295
4845 3014
985 846
4523 3739
6207 5642
6536 5313
5146 782
7500 884
4276 4042
4443 1419
4772 79
6959 1985
5875 4253
4296 3735
5039 3283
8265 6776
9626 6427
6174 1235
4520 186
3011 396
5109 1824
7369 6500
535 351
7039 2866
8504 699
7236 4184
9871 2602
3907 1972
8181 2721
3701 3602
7730 2692
8653 6478
7026 1629
6680 5345
2415 1907
2976 2956
7965 7293
9565 1167
9369 7785
8518 3403
1211 629
1288 937
3488 1692
8709 5557
6700 38
9119 4583
6223 1107
708 714
1686 511
9097 4038
8976 1959
751 494
6197 5485
1498 332
9040 866
2315 397
3142 2232
2446 2428
7743 3138
7310 3945
1762 915
5207 3662
5728 4819
1614 710
5150 457
6215 2193
5314 3621
4316 1152
5339 1459
9936 2921
3598 855
2979 1556
5115 1124
7420 947
1976 1976
504 145
8136 5910
3197 2307
2690 2596
8396 3793
1974 174
5789 3428
7327 4255
7279 1117
8233 3319
7397 256
3904 2195
1908 36
2866 1197
7574 5107
7414 4587
4679 1748
9910 3234
870 740
1016 837
3643 756
4754 904
1798 1545
644 159
986 944
9681 5116
2931 33
1226 940
38 6
6349 4327
7106 2885
4257 834
6356 667
1003 472
4813 105
7949 5247
4136 800
7327 6129
3979 1262
8490 7945
4797 920
4215 3842
6022 5637
9307 8766
4661 4221
911 897
6683 861
8695 7258
3437 254
3839 3023
2443 779
8554 958
4696 1507
6108 587
2646 2394
1913 973
1759 1220
2177 1863
1203 1090
9381 9095
4875 1584
2783 2109
2033 691
2360 919
2558 451
7731 7158
31 15
4093 3695
7371 491
1411 643
9548 7353
1478 1309
1260 1190
6164 160
1406 234
618 122
5304 5251
998 247
7451 1912
6186 1191
1194 574
4214 1851
7831 2315
7952 5502
88 2
9960 4435
6887 4268
7335 4535
9275 1134
5467 917
3422 1214
5486 915
7450 3545
4056 3293
3975 3489
7079 2267
3601 160
9893 1138
3160 1375
8116 1103
5890 2050
1213 1095
2407 1538
9364 7084
2406 630
9114 3623
2016 948
572 542
3480 2622
3296 1380
5224 2570
3172 13
4575 429
2692 2084
507 10
4926 1455
6666 6374
571 316
2395 2157
3002 2955
9480 5846
4010 311
5545 4116
2244 1820
9021 4624
1475 500
2615 832
2907 2212
7409 2362
2365 2359
4266 1553
6101 5713
773 460
8667 2966
5478 1601
6989 4441
4523 2628
7017 3333
2058 634
2516 2184
7849 5183
8977 5205
8556 6969
9983 5012
2005 1028
472 43
7796 7491
7039 3882
9626 8950
1277 668
9401 2261
9871 3314
7849 4085
5510 25
9744 5044
73 82
436 34
2005 1066
8461 6852
3934 891
6350 2180
3510 1095
818 237
5768 4086
4864 2659
5980 291
2410 1170
7600 7023
7211 5020
6292 5501
9598 4699
3319 1595
1560 1519
928 590
1104 1021
7523 1020
2936 161
8862 4460
7203 2919
7643 6246
7885 6494
1354 1319
3733 3180
8233 7870
7389 3812
9192 5324
2165 390
3293 2266
7746 834
5454 4085
4184 3281
2577 1327
7602 4348
6933 1991
7796 1715
897 822
4962 2528
2057 428
4424 3586
3735 424
1782 1435
5938 2630
7265 6407
1113 981
5711 4063
2921 2848
344 109
1862 740
7490 515
5861 3035
7809 5114
6410 5114
7577 7570
5114 1317
1573 1232
509 335
1033 686
8385 3533
8343 2733
9588 7385
4905 1240
6087 2603
4153 394
7452 675
1328 216
6543 3494
7502 4561
1 5
8526 3999
7752 2045
2312 1450
3976 862
1134 4
3782 225
1304 33
5335 1107
5707 1207
9924 4669
7205 1741
6396 3217
5227 65
8955 2271
5233 2148
4016 3700
2601 875
4290 1821
3464 2367
1206 307
3693 3686
5466 2215
1848 1328
5721 1841
3619 3538
9470 8729
8205 7389
6530 2364
8764 1969
9069 115
4359 1147
991 724
8684 1701
9728 7406
8840 7714
8146 397
115 12
5914 4464
2311 1194
6606 2002
4592 3398
7910 4036
6130 120
872 708
9080 3867
2780 912
7077 6763
3565 3131
6686 5275
9611 2741
6220 5734
7483 5085
6785 2916
6397 3210
8593 3903
309 87
5806 1732
5545 2751
6282 5842
7526 5484
3821 3254
7896 2251
9609 3553
7936 2252
5641 568
7209 4197
6350 4702
4476 890
8989 940
9568 2651
714 675
9392 5540
202 210
8572 8497
7571 507
8703 3075
6400 623
4881 4234
8867 1976
2415 1446
3851 1976
2788 692
1623 701
8888 2517
758 489
1772 599
6088 3942
8622 5211
3730 3073
3624 1550
9538 602
229 79
4911 839
8451 7658
3773 3420
6359 924
4025 3148
5413 4303
6896 5021
6819 676
1179 996
5199 2683
2727 803
6945 2795
5194 1702
4895 1029
1115 454
8328 5278
2886 1242
4520 3272
5600 3683
174 179
7189 3678
1318 1048
9445 6062
8761 5791
4254 3140
2869 2119
2858 2040
9338 1718
5827 4029
4956 1501
4651 3712
7283 5759
1174 1001
7354 6084
1944 665
950 786
9735 7528
5824 2460
7951 6290
8981 2609
7795 1564
6802 4513
9820 6317
706 380
4898 4098
5811 699
2425 327
6961 3075
9734 4058
774 643
9183 7802
2809 2029
6426 827
7870 2504
7686 1390
5166 2741
2642 2337
9626 7476
782 206
3663 348
5552 1156
3102 1997
9205 3854
3866 2488
7240 78
2484 32
5225 1400
9733 4426
1398 1252
8162 4395
8478 3568
8726 833
1344 803
1565 501
8292 602
9593 2777
7273 4808
8954 2971
7618 5095
9596 7824
1311 1206
1838 637
8512 3913
6420 4920
7447 1396
6469 616
9029 574
4816 3708
4104 1840
9989 9385
6525 4609
2057 1651
2820 623
1770 1435
9868 6898
485 87
9432 2836
2345 2332
2365 1731
6257 722
8565 4378
6221 2614
2203 1603
6254 500
8963 8139
5991 1991
6982 5838
3208 2137
1218 1143
3681 2554
2765 1374
5533 4494
3574 1813
2153 1039
2239 1857
6428 784
3956 3632
5927 2963
6403 452
8887 1093
8151 1102
9061 6000
2061 1037
9400 1431
6426 3692
3896 763
7532 6828
1761 247
6457 419
9239 8008
1583 519
4327 2927
8386 603
8586 3571
1390 300
6276 4833
3823 3085
26 11
6832 2297
3823 1944
6246 5163
381 31
4061 1607
7486 6229
5657 4538
625 150
2494 1337
4140 1448
756 107
2379 776
3236 2692
7918 3071
497 158
7456 2429
8795 2345
8896 7871
9235 2343
247 127
4728 731
8370 18
8300 3920
5318 1219
1669 887
8899 6752
5610 1880
8095 1728
10 14
8042 3773
7573 3095
5662 1799
740 378
3369 1577
9840 1415
6203 3997
1741 934
728 300
6286 5149
8955 7356
7469 6968
9660 349
8693 935
2745 22
4259 75
2228 377
1138 345
6593 2908
8031 3319
1209 1077
1520 74
7659 6127
4856 211
6950 4504
6861 6693
4812 3264
1445 847
938 895
5410 1509
3478 785
5395 299
7242 5614
1417 166
9705 2788
2135 107
7205 5542
5168 4482
1294 1104
5393 2187
8424 1385
1071 811
7956 1188
4214 2808
6180 2235
4538 1203
8204 574
170 180
3872 780
2221 2173
9162 190
8414 7102
5155 2324
1570 186
3048 1282
348 206
8457 5412
6436 5967
4084 2410
2623 1813
5898 5576
7126 2223
522 462
4311 1356
2020 1670
3505 1234
6526 2428
293 232
6857 1224
528 160
7146 2643
3493 927
8447 1086
2219 447
956 383
8491 946
222 142
116 9
2027 851
6637 716
1438 389
5224 2766
3815 2133
345 312
9878 7875
2138 143
2212 1415
7533 6302
3603 3001
262 58
861 792
6480 3571
8200 3199
6813 133
2010 1676
5166 4235
3225 515
1058 279
5561 3101
1621 140
3130 556
2969 491
4086 3125
8482 7946
7688 797
8143 3881
4477 4215
3319 3156
3911 2596
3593 3009
9635 9560
5068 2534
7330 5238
6258 1001
1786 139
3380 1022
3121 1418
9293 7435
1959 887
5259 611
428 215
3201 138
2399 188
3230 1402
4480 688
5322 3984
118 122
3731 2666
3467 1227
3008 368
9342 2211
2722 958
7418 3600
569 360
8787 3056
8561 6636
4827 58
1016 727
6362 1383
9666 3863
7732 5861
6301 5974
1307 138
6674 2631
5743 989
2651 2284
9619 4952
7788 7151
6433 1601
4432 1119
5625 4883
2940 2876
2317 233
774 81
2709 1882
363 31
6925 5930
6066 5779
7152 5375
4254 2244
6076 1261
7493 3604
6685 3327
5952 5624
5642 5047
1115 327
3196 2808
4393 2728
1302 569
8934 2601
9209 1403
192 32
3221 2407
1669 1251
1314 1291
7618 3918
3400 1512
7964 169
3978 3318
4319 2588
2702 1437
6955 5164
932 776
2958 1487
2415 2152
3672 686
9724 4306
9809 6783
4799 1136
1395 1261
971 305
8018 2876
658 467
4550 541
109 6
8404 4890
7791 3951
6809 1837
361 317
3271 3154
2619 669
2331 1875
974 60
6749 1579
7571 7348
7599 6964
4612 1752
880 179
7375 5741
1045 22
5135 1791
2470 545
9884 7288
646 414
3243 2560
4777 3356
3580 1199
8095 4039
3461 2035
5961 1730
5765 5321
4248 1340
8700 6969
364 238
7403 1489
4305 3873
2505 58
3353 562
5776 5681
702 174
4181 3628
2331 2173
9071 8653
8981 6874
3328 1651
6005 3552
4301 3615
3586 3107
2040 89
3503 2981
5717 4951
6692 4088
1274 332
188 156
5115 710
3692 3330
7821 2078
6490 3654
5865 3604
5089 1830
3853 2191
6768 3805
8321 2841
8078 5344
8605 5355
9373 218
8218 833
4788 1748
2933 2080
7462 880
5556 2366
3539 695
1457 158
6645 1738
7548 1548
9325 2718
1400 1109
7133 1166
1550 1160
9801 6892
8599 7162
7758 1855
2208 1436
8057 1919
7844 4200
494 152
5602 1052
9030 4939
5831 2946
813 772
2276 1773
4664 80
5233 1620
1855 545
1063 1030
4524 310
7977 6136
958 868
5118 2481
3112 1677
4150 665
5630 3972
2306 1612
5278 4990
8364 6790
6089 5022
8033 6956
4589 2370
78 2
7488 5035
9128 7909
9628 8370
5211 348
4853 3903
4117 2544
3303 1804
1139 1044
5419 3502
2106 967
4957 154
668 222
3992 1795
7987 1666
3808 903
5050 1056
2145 189
8796 4032
6555 3599
1453 1296
1470 1192
9769 5593
9097 2009
3380 2619
3304 2850
5187 4625
1009 372
2562 1891
5397 4063
249 244
5968 3815
7454 802
8653 3247
1286 190
7777 6625
3492 2663
1456 580
856 626
6229 1191
728 270
1061 290
7509 2901
8538 5172
7187 35
1336 632
6806 5637
7184 5938
4218 1187
7231 287
567 115
6071 3658
1649 830
1087 89
4554 1048
8692 283
5297 3637
9490 3015
1280 155
4692 3852
4511 3661
2989 963
8709 6155
868 492
8318 4217
3429 1318
8518 1204
7089 1297
6124 2925
4253 1970
9076 8351
3331 44
1074 828
2744 542
4826 4640
6635 6354
8792 6774
8891 7837
7426 667
2378 1679
4177 3331
9982 4275
5500 1257
8950 4521
3309 3199
2185 302
9908 3579
7818 5818
9317 9222
5101 3596
2909 1312
5277 2345
4780 2747
9775 2998
2436 1733
1786 1506
5280 256
2133 588
1629 1208
6821 2301
8737 4515
2890 391
4481 3939
8758 3202
630 192
1235 609
4150 127
733 405
223 153
1902 649
316 55
5147 4056
394 72
6503 1874
7166 4709
5948 4341
9304 2961
1077 50
4625 4239
491 498
4904 2263
1820 507
2534 2467
5119 2005
8185 7960
7712 7374
4466 3199
128 108
6468 4133
7987 5853
5875 4226
7301 4298
103 108
1055 60
664 582
5564 3390
9609 502
3045 125
282 267
2829 613
8101 5012
8168 5575
4468 2125
5855 4107
3403 2509
9980 8853
3550 1197
1718 1056
2844 292
6375 358
8385 7781
622 459
4337 2861
4047 731
3963 2112
2253 1836
59 4
9748 5337
5033 3428
2047 488
7789 7255
4730 4202
8062 7195
6342 4898
1608 435
9975 4758
4381 1053
2521 282
1367 1054
1625 823
3194 1953
5147 4865
5618 2882
6911 1693
8579 1966
3166 838
63 50
5451 1422
6150 1869
1645 1326
5127 4283
6725 6547
5985 12
2153 845
337 312
701 383
3072 2535
5270 1145
5335 5109
5046 598
486 285
4212 165
7266 1023
8268 509
9524 8973
4527 1589
4055 3682
8908 6034
2011 165
9856 5932
7591 6474
1425 789
6633 3485
1120 414
3729 2999
9929 1654
436 163
1206 305
3328 2460
1008 417
3749 3241
7092 3209
4743 3074
7968 5240
8470 2743
6298 2992
795 399
4311 2663
2438 244
1750 146
6044 4676
2637 410
1980 1873
794 234
4124 3374
3615 347
7004 3061
5939 3581
5177 1408
7371 6590
1888 331
2930 2164
4823 3380
1742 1522
3701 529
2123 1919
7350 4472
6816 4803
3706 900
513 204
8704 877
1306 1195
911 867
885 613
7437 1151
4875 3633
1698 725
7851 4504
2469 1212
11 14
135 42
1756 1068
629 290
1691 860
9222 6288
5343 2126
6827 2731
1147 237
4490 1651
6877 5512
1150 407
5957 5245
974 212
8402 4757
2651 237
2924 857
7523 3972
5426 5260
5134 1020
2767 2441
2995 466
3652 2975
5099 1366
9030 1584
4616 92
3353 1430
8088 3798
1867 548
7247 852
2631 2335
269 263
6159 506
3727 644
895 544
8591 2245
9683 6319
3052 1400
631 119
5368 3788
999 323
2706 1095
2596 2598
7444 3153
277 222
8145 4827
5272 465
1918 1697
2003 19
5683 5692
7121 911
4651 521
7756 7321
9384 165
2977 864
2108 616
8229 1652
8486 1133
940 46
9998 9727
569 41
3278 255
2924 2063
5651 4700
5386 438
5701 4648
1754 1444
630 495
4916 2095
5537 2142
2584 2456
7495 4030
1666 1490
3256 3117
2226 1967
414 297
9736 2541
3185 2447
6556 5211
4750 2438
9708 9153
7785 5765
934 378
7652 6124
7922 7811
1996 433
2380 1451
2759 2463
9574 9543
1842 1474
3877 1846
959 648
5929 397
3296 2099
8838 7550
6329 5476
7669 243
7363 3680
8082 7132
1772 231
8068 6312
5953 5088
1569 907
2969 903
1064 628
2688 933
1810 780
8516 5258
7855 5082
1367 1048
5825 4272
1427 927
6969 273
7134 1741
5771 3582
4952 1379
8422 4263
519 357
7808 1165
9517 3505
7298 3056
9707 4895
9970 8022
1765 464
419 233
2286 2004
7467 8
9442 8147
3918 2005
4190 1247
8327 6458
1717 1295
7907 1312
320 30
3643 797
1727 894
9461 2767
3137 2469
6802 4737
6337 4122
5437 3037
7924 4427
8477 6683
6235 1533
4878 1793
6801 2268
8575 53
7996 4395
8147 6962
3316 1978
2546 749
7715 4354
1720 345
2122 864
2212 294
3855 976
2177 772
1302 1025
7532 5162
5326 934
5171 167
4198 2862
6762 5723
598 178
5238 276
5650 1440
5733 4963
6170 2057
7064 6547
7921 3764
6237 2978
6865 5704
7890 7087
6483 2883
5409 123
9567 7078
4594 3962
9043 8102
6354 3398
3909 370
7219 994
927 504
4521 769
5854 331
6717 1826
9148 6852
6300 5511
5597 851
2824 2458
1408 957
7090 5486
6833 5485
6086 327
4607 4536
5455 1648
4013 934
7031 6898
5583 1239
7971 1412
3555 2985
4557 2847
7729 6350
9705 2765
2091 1235
9062 2566
1334 1009
69 75
600 525
2554 1434
9998 2763
2200 1493
3069 2065
2865 1839
6885 4834
7514 3304
194 130
9908 1966
1097 839
50 46
1218 203
1914 894
6371 624
9692 2887
6021 2787
8464 5588
9048 3607
6078 3921
7454 405
5398 2763
3011 2837
8421 3412
1140 445
6756 274
9644 6368
8543 4756
4918 4129
8374 4438
542 191
6337 3824
6898 5236
1873 1012
9919 7175
1596 152
5513 4090
5088 1117
4576 3098
3356 1607
9262 1121
2772 2676
4273 882
3411 2760
3765 2205
8374 5910
7873 4285
4122 1071
9214 5574
5338 1584
2510 1145
6950 2058
1785 1768
4042 2114
2030 1868
1811 1756
9646 4345
2273 1693
1160 1040
7835 7059
3367 65
5903 3497
3251 579
6832 4492
6023 3972
5721 495
8206 6767
8554 525
5643 399
813 181
4371 1702
2873 2404
4163 2416
6391 3399
7510 743
4804 1662
9191 3222
965 374
7526 2805
932 237
6959 2018
4009 1420
9317 5098
4429 2683
9015 1177
8301 7861
8299 1243
9183 3248
935 390
8009 4227
4301 3509
6329 2825
292 177
5205 2791
1203 587
9524 3160
1793 1611
153 22
3951 2105
964 206
7701 6284
5546 4162
2408 1345
1003 590
7149 1421
3895 2197
8925 6735
366 12
6567 1754
6422 4800
7462 5848
4415 2371
1129 314
9247 2459
8270 1027
87 42
462 157
8622 5920
2142 1560
4695 3183
8762 7860
7216 7114
9244 3678
5171 2073
271 191
1132 58
3729 832
9924 2506
5123 4957
6671 4996
2801 2795
9024 1402
2012 1318
3956 1899
3912 2533
5459 4105
4024 862
7252 2065
4146 165
432 328
6520 2280
7825 3311
4214 1785
9284 1074
7676 1521
4405 2687
2881 2728
2744 645
3171 395
4310 2545
7197 5358
6179 2789
9900 5528
1513 848
5074 187
473 171
9243 5624
796 773
3689 241
5094 1740
6598 1945
287 193
1796 1483
7456 6807
5656 2447
4831 2561
7713 2980
2305 2149
7791 1522
2758 2240
7051 3936
9582 8548
5115 4706
2172 1226
8813 329
3606 799
7267 2790
4935 76
1890 921
2199 1815
5604 2046
4920 2372
1223 283
5765 629
8083 5524
4524 2398
1976 709
9080 7708
3154 1585
6392 9
693 651
9879 9218
2999 2064
8008 5906
9740 2864
3037 2964
4348 3095
8453 55
9096 4834
5841 195
34 12
4992 1569
9752 3637
4469 2378
9460 5685
7718 1734
1113 1066
3426 2703
9578 932
5849 4634
5984 1798
9958 2897
6721 5344
297 40
5121 620
5436 2586
6509 849
8892 8291
6710 4124
5429 1576
7025 4891
4416 3090
5781 2837
3320 2054
4425 4143
7359 3914
6329 578
7893 6388
3750 3754
3864 3742
8683 3195
5231 510
1504 328
1615 185
7720 7208
5986 4038
8266 4141
1766 512
5935 2723
7774 5936
2638 1588
3171 1699
8233 5126
4151 1315
7465 2022
5210 5116
9119 5164
9734 2787
3969 3244
8582 6745
7471 59
4740 1497
5968 370
3709 1125
8247 4810
3811 945
9919 9688
1598 1236
4749 2904
7187 2956
3746 3584
581 481
9232 3045
5192 1925
6966 3282
7425 821
2100 1181
1663 266
9482 8747
6307 2645
1357 1300
875 571
3978 1213
9282 7272
6182 186
9362 1384
1766 514
4186 39
9716 2170
8647 855
2000 658
687 79
9015 4379
7491 7089
7871 5135
2177 1630
259 148
2282 1947
8615 5392
5198 1529
9238 3777
4676 1579
6473 1866
2737 1479
4175 856
802 763
1015 664
8377 2600
8066 3254
55 38
1641 1046
4227 3937
2751 814
2040 2016
3975 2060
7583 4741
7355 4521
1193 79
3991 2089
571 382
5942 3101
5674 1121
7735 2770
8281 4909
3189 2532
1439 682
8536 2440
6487 5620
1751 36
6128 3704
3056 2338
7170 2095
3457 303
1561 931
7770 2514
1357 118
5629 2404
3182 2150
8396 5799
4697 618
6332 5816
4879 3158
8324 7974
2596 1550
6161 3834
2735 394
1806 199
6882 836
7471 1452
317 107
1077 13
7258 6385
7629 4818
7546 5186
5155 96
4466 4134
6401 5209
182 63
968 636
2639 2276
7802 4514
1899 814
5391 1975
3905 247
8983 3485
429 239
8085 2277
9584 9250
1587 545
4499 774
1971 1849
3310 1078
3434 833
500 314
6046 5081
2281 56
9211 1463
8438 8220
9529 8919
5213 4597
965 332
5977 740
8196 4820
8378 4377
7876 5486
8486 1729
5273 2612
8878 3811
313 71
3708 122
9164 5401
1757 379
3767 244
2622 1954
6486 4966
7075 1540
1650 592
5015 1463
1621 846
5779 3723
5319 4056
6905 2050
7724 2597
5775 5619
3769 327
6439 4343
5129 1651
7086 62
4887 3321
5721 1966
6743 2161
6647 4104
3428 1572
7839 6755
8996 465
5772 5303
825 194
9885 4570
8531 6331
4021 2762
6375 1460
2206 1464
5195 4279
5532 113
4970 167
8585 3469
6287 2007
2913 366
9880 9630
971 568
6642 2807
4240 1100
1970 1027
274 129
7691 1945
9485 7824
9673 4462
4998 4667
7870 1239
138 123
3230 611
6402 1105
6453 370
2769 470
8915 2783
1881 552
650 601
1408 1096
3095 1059
4897 3599
1647 475
2546 156
3437 3234
2905 2752
8356 7214
4342 158
2989 68
9163 7870
4631 113
5618 5092
9922 7418
9512 3377
61 18
2755 994
2687 1972
2935 2358
6391 5799
3332 1768
9728 2862
5155 1964
8407 6490
9491 701
9476 4819
2461 1213
922 564
2417 828
7480 3381
5608 1624
9121 6555
272 178
2798 2516
3432 434
1107 683
4929 333
3216 684
4220 1568
8967 1677
750 225
318 73
455 255
3187 196
8161 8161
3631 2680
2946 1663
3628 66
2385 1288
6196 3692
6389 5968
5951 3248
3016 1115
7558 6365
6796 866
8358 3710
3572 3571
744 657
3577 2702
6533 6385
7350 5410
7242 5451
5517 1634
3843 1174
5463 1081
6765 1283
4142 175
6568 441
669 466
258 120
996 766
3703 3380
2819 532
7645 7533
8893 5870
5838 3190
8523 5002
40 10
1819 411
2563 1651
4051 2051
112 71
6496 559
4470 3911
6422 3757
3166 951
6728 840
5075 3190
2315 1627
811 695
9679 5390
3842 3151
1554 1159
7982 7323
3670 2864
343 14
3970 744
2780 1116
4080 1668
197 206
6643 2518
6784 5573
8598 6763
5262 2928
2141 2101
3402 3068
3425 771
5047 4893
6285 3675
2613 1292
3310 2717
7950 6354
1525 1406
7847 7543
9422 3275
5673 1144
5767 1266
9621 7998
7459 6503
9700 2689
3479 2186
4420 216
3027 1641
192 146
27 27
3601 2234
8255 2986
2274 1528
180 41
5317 102
2843 1903
6863 348
837 486
1825 1471
1975 278
8991 1874
593 196
2615 2276
1998 330
6783 6659
7625 6846
9998 5380
4092 577
428 215
5650 2302
4562 1776
7782 4202
6965 5891
7526 3117
2097 1471
6013 1237
9953 3601
6810 5673
278 156
1761 285
4350 3083
3760 811
4121 3383
6675 1802
4783 4163
888 366
6700 2039
8585 7204
1496 135
5030 235
6070 2960
1428 184
9379 490
7907 7314
1676 1175
5081 2243
6678 6299
9425 6024
9267 7604
7995 7363
7398 7073
8246 5444
6705 5358
4004 2314
1217 338
1996 325
8024 5081
5649 3938
2364 565
6180 2208
2147 123
8319 3163
8939 4420
1341 112
7457 593
5951 4180
5680 2607
1133 950
4978 1436
9464 8477
7781 1633
4444 1292
4142 1932
7105 2823
4779 3807
2929 869
8949 8643
7441 1512
4951 2959
4509 2833
4006 1252
6884 1856
281 200
9037 285
7984 2604
8824 4210
9926 5757
2900 1737
2239 1259
6043 838
5597 2807
7283 5405
389 81
9481 6340
8979 4719
7205 394
3530 1907
3485 125
418 257
8012 2199
7499 1463
4640 2012
7991 6799
7682 2822
4093 1444
8915 6303
7573 3895
6585 703
1363 635
2571 2517
1614 883
9671 9467
8563 5851
7567 1522
8679 3187
6390 4988
6133 2255
1444 1237
6791 6325
7492 1918
8844 3716
3646 2121
5097 794
1207 419
9193 4782
7923 7855
6359 1088
8535 1661
4027 2794
1635 1277
4332 2198
9601 3252
7045 2193
751 436
3599 3116
1891 85
7087 4830
9144 7053
6969 1195
9767 4672
1032 491
2877 1316
740 83
7007 5874
4492 108
5868 998
5272 4139
8725 4360
7766 3390
7514 4347
1455 1287
8582 850
5982 2352
8141 3895
2341 2048
9934 9565
5276 1522
9319 5440
1821 416
5499 4656
9117 3201
4486 655
1285 227
6728 2953
5879 3855
8082 1400
7348 3702
6483 6166
8721 7814
3813 2091
1606 264
9363 8764
5342 2300
4323 619
9637 7484
6307 2225
9585 1161
3672 441
4590 3247
3255 3006
7696 2395
929 231
8843 7992
2384 912
9878 8064
2664 1170
9910 8048
2356 2304
7266 3088
9819 9475
9459 7169
7654 255
712 636
3255 2338
6653 2989
974 373
7886 6145
8228 4612
990 300
5390 4232
1800 93
9767 7329
6770 4418
5646 4116
4352 3058
3448 2351
7770 1974
7726 4531
9611 1805
7995 2791
4339 2935
880 427
291 101
3481 2698
3646 2433
5575 3152
6479 3512
1788 1192
1883 458
9512 6717
5210 2676
1876 1677
5333 2529
4255 2317
4655 242
4644 3408
4969 2065
6926 2044
2435 1369
6475 2808
4717 1071
7528 7444
3482 3182
882 676
776 176
1486 1077
2940 190
6794 1259
4341 1742
5540 562
941 754
3440 1822
1250 246
1096 519
5981 3063
422 71
1557 1517
7161 5960
5482 3774
2205 1822
3695 954
8330 5610
4809 297
1312 752
6041 2625
108 94
1131 540
9015 755
690 262
780 668
1066 711
8240 127
8513 7923
6438 3516
2251 1246
6534 5413
9988 1389
1778 1176
4867 48
7169 4246
685 352
7138 2771
9406 4158
1820 1237
5530 1121
847 308
8763 488
9378 8935
4496 1883
5070 1380
1904 1188
172 59
9724 2462
7005 4553
6742 2168
8447 2335
4060 3305
5293 4393
5220 2551
958 519
1439 1266
4861 4068
121 41
4441 940
5510 3517
630 4
8989 5231
9319 7850
873 699
6707 1275
2555 230
6416 5659
2815 2341
9722 1014
7122 4876
2652 2447
8381 1874
8632 6443
5948 1523
5187 3758
1613 992
8039 5973
4132 1793
7623 488
8144 7088
9554 3153
1492 1060
7955 1408
6303 1793
978 803
6452 4827
880 790
1985 776
1102 653
9297 4209
2685 177
4129 3926
8198 3044
3578 2735
6986 5683
6959 5724
7487 663
9555 245
1196 170
3980 2284
3747 1530
8834 6735
377 133
1267 188
696 602
5687 2947
2141 1070
9667 1669
3627 2268
5246 3115
134 17
1556 206
1040 559
4662 2892
9184 9185
6600 3590
2408 1071
6005 1495
1679 919
5050 62
8568 7654
550 191
709 665
8954 4196
5240 2306
82 53
3722 3198
8079 3974
7108 4959
5133 2540
5850 3429
6160 2246
6354 3062
3722 2962
94 10
8704 1269
8461 7342
6026 999
7119 2908
1054 177
9078 8345
7755 2788
8718 1986
9084 1668
5350 4109
4939 3131
8430 7841
1268 1089
2340 515
2437 2317
9551 5729
7519 5877
7486 1181
9879 5023
8847 2441
6002 5649
6439 320
3385 719
10000 5324
9185 4134
7391 4746
1613 1226
9045 6088
1466 1062
2113 153
9671 5992
8063 3410
2901 1863
8664 3235
6215 5865
8323 5475
8537 40
4463 125
1372 988
1623 896
6470 2081
9656 7621
387 178
5373 2776
7819 4124
4664 52
7616 824
127 24
4218 1966
5365 5036
8247 306
9470 8922
6192 3570
4107 3468
401 75
2155 1013
5892 225
4434 4317
1556 968
1266 679
4591 56
2043 622
9698 1911
2800 397
265 74
5948 3850
8412 1751
8357 3187
1713 535
7686 3143
8562 3515
7988 4097
2379 1933
5545 2168
116 96
8568 696
9601 67
2764 1924
6570 1348
7755 2753
2211 1131
5672 4335
1322 979
9410 423
2209 1216
4895 510
8897 3652
568 383
5451 1229
9202 5201
4972 1891
893 243
6260 3601
1196 806
6145 6079
8752 1089
3304 1766
1765 1356
9357 2454
1001 763
8337 4380
4229 121
4740 753
1682 900
2630 1463
9450 3888
7761 2460
4347 4291
2382 1333
5906 2510
3523 2932
6695 3537
9709 3993
5911 2924
6026 4459
6671 1919
4768 1126
7674 5020
4772 1087
2594 2506
2622 37
4201 1003
7794 1656
8432 8205
1810 1588
5621 5440
3563 937
5266 2494
7604 7001
3193 2178
5718 434
3105 1351
2492 1301
7432 4436
5512 4447
3569 1955
7051 6969
8825 6156
2606 1306
4582 1639
2489 1657
3042 3002
7861 4637
7446 4772
6780 840
3836 332
1064 602
5258 365
6580 462
53 53
1681 1227
7296 4648
1650 1655
463 443
9343 3905
248 214
5264 1560
4954 3712
2269 1994
509 229
6118 1319
7229 2997
4222 1445
4083 3320
1138 238
3295 1545
9002 3753
2567 142
8793 2450
4611 1833
9820 6421
4609 3180
1194 776
6128 3685
3747 2003
266 253
5994 4680
9793 8079
3588 2129
2392 399
3482 1605
6897 1463
1213 435
5752 3780
9069 4522
7457 4182
898 13
4473 101
5289 4400
5069 2566
7995 6187
419 422
5531 2282
9556 2979
84 54
4274 529
4630 4044
548 114
4707 1524
6566 2256
192 53
3 3
2627 1858
1337 1147
8297 3931
4132 1945
2429 836
9810 2607
9551 3314
8263 1439
389 129
619 511
3264 3138
1633 1374
5618 1233
5929 5094
7461 4383
6944 593
185 59
859 288
1479 889
8478 5501
228 70
5425 4856
9331 3403
9855 4314
4090 3508
1590 1032
9915 6494
1047 475
8576 2380
9721 825
7229 4733
6306 4751
3347 2362
7681 3350
7936 2348
8963 790
145 138
9905 1604
1853 1799
9277 4622
6631 4079
1711 331
2127 502
5327 3481
8674 1359
8756 4066
8811 6112
3911 249
369 250
1480 1486
8641 5778
1420 1300
7631 5491
1188 942
1262 1140
3431 2464
3111 2844
7136 3508
1583 233
769 694
3039 2254
6792 1426
2817 561
8103 955
8588 6952
77 26
6643 4604
5036 3714
6996 3831
7236 3053
820 483
5566 3730
9866 3403
2207 1409
6001 3043
4904 3600
2109 100
1273 3
2655 744
4694 1310
8019 4564
7925 5213
8244 281
4624 3217
631 425
9516 8332
2869 2671
407 234
3038 2352
6770 616
4968 3533
2063 996
9848 1631
6059 860
1938 1556
2380 1474
4021 1544
2623 2611
6899 4620
8237 6830
2393 2382
752 269
9399 5748
3250 11
5834 2237
3266 3258
5970 5059
6724 5027
6567 5568
3583 1022
3183 707
6338 2562
4244 3257
1529 519
6439 3644
1262 704
7899 1483
4278 1016
8789 7324
7923 205
4339 4251
1215 863
7784 861
8078 2544
3150 2329
6271 86
4381 3330
9161 6771
7782 4121
5392 625
5856 4010
8143 7259
2489 1123
6081 771
9748 9141
8251 6353
1984 869
4830 166
1124 881
7561 7173
5381 300
8496 1479
1555 434
9191 611
7022 689
4319 3503
4082 3538
7137 257
9075 7590
8743 7061
5033 201
6419 2706
729 542
3705 2000
9263 3349
2327 1829
8377 6757
7222 2737
6808 3371
222 131
7268 1576
4172 1659
6487 2641
7042 5331
1897 1785
2607 2370
3684 213
8417 5095
8946 2138
2884 814
8799 1516
1907 1341
1941 1353
5194 2922
4582 4371
2229 611
2232 397
4449 2637
7937 3241
2906 2084
9941 1152
6693 3637
7542 4172
7363 6559
1959 899
9187 7669
2907 1964
3177 2836
5614 363
9679 3043
1593 609
5730 1927
1983 1634
51 45
6732 2730
9546 8055
2569 887
1185 901
8438 1051
8513 3393
7300 4773
814 677
557 524
1279 576
9272 3079
1738 629
6235 61
7259 4809
6976 4006
9736 5163
1021 679
8985 3811
1451 478
5644 2017
6806 49
8939 5549
1892 65
6118 2901
6850 5876
8157 3148
468 165
3817 609
6733 2645
7262 2584
812 583
6367 5940
8973 5594
7246 3072
7140 4490
907 888
1602 1028
7519 570
2460 128
4508 3548
2353 1620
9604 442
9293 8197
2764 1586
9116 8043
9323 2775
9006 8424
3750 2675
4360 707
7630 148
3384 3192
2021 1609
5024 1341
9045 1730
8821 5249
8794 2138
4062 169
9151 7714
8639 4231
2700 484
3519 1911
913 583
9869 152
3955 1540
6213 3599
7165 646
4528 4399
7044 2643
185 87
5870 3517
2637 388
137 64
7212 3318
8600 8199
6147 1630
849 662
8693 5864
2243 950
363 127
903 594
777 354
3342 1434
5051 2274
5801 3023
4651 2331
6174 493
4469 843
6149 6072
5757 372
399 304
5534 5139
4159 2391
2543 2091
799 71
9931 5053
916 347
3105 2804
897 324
4520 2627
6087 3267
9142 5214
2502 1415
8040 3391
5672 4469
252 50
1243 552
9849 8779
133 2
4939 461
3158 2199
1425 321
9074 1743
5385 2283
3442 3403
3682 383
7104 787
4539 3614
2579 2062
8611 5077
9851 1240
3033 827
1147 303
6997 3218
3077 203
7106 3841
1994 1869
4144 1064
1624 257
3541 917
3685 3162
7362 6582
413 372
8235 6197
6733 1638
5726 3209
9265 492
1993 817
5548 896
8361 920
5813 3466
3811 511
8841 1524
7036 2478
6878 6325
9291 3477
8915 6226
2812 1537
6110 4493
4927 190
1375 455
9340 1348
2475 2182
2574 327
1382 432
6348 6298
1107 1048
1314 1055
4228 488
808 421
636 292
3426 804
1791 73
8822 2331
5112 4587
2802 626
251 118
2529 291
3418 193
5530 2024
5470 2718
5899 2372
5472 174
5878 2959
1735 897
4778 4495
4099 1143
9319 882
823 425
4777 505
7941 4488
5755 874
6763 5436
6706 1894
4194 666
6865 5968
3907 1244
1980 1440
5796 3681
3183 962
6587 6294
6503 2334
2559 495
7395 5639
9667 1513
8026 3947
1519 332
5124 4324
438 294
9489 5293
3354 295
6536 3590
453 36
5510 1588
5111 4697
3221 327
427 402
4431 2652
3968 2297
5323 2761
5177 4212
3457 276
6008 579
2884 416
7659 6552
3584 3542
2981 2835
7017 574
9067 998
4138 3372
8036 4169
7178 3546
9593 8026
0 0
